,time,species_0,species_1,species_2,species_3,species_4,species_5,species_6,species_7,species_8,species_9,ground_truth,timeseries_id,noise,n_species,did,n_timeseries,n_timepoints,sampling_scheme
0,0.0,0.04,0.05,0.01,0.02,0.02,0.07,0.01,0.09,0.07,0.03,10_sp_aij_27,36656,0.01,10,11023,25,10,random
1,7.272727272727273,0.2079986219638502,0.4397283586850726,0.0749432429333996,0.1719242760867935,0.0891368478382266,0.8640053593051024,0.3294206723746933,0.2055557904558903,0.199578296748515,0.5438652986238786,10_sp_aij_27,36656,0.01,10,11023,25,10,random
2,10.0,0.2079947539751424,0.4228222021324129,0.0796965117107883,0.175294027798793,0.1018862878044277,0.8168782802035682,0.3181357000534193,0.2314212142710293,0.2033019956890017,0.5200878369751585,10_sp_aij_27,36656,0.01,10,11023,25,10,random
3,13.636363636363637,0.2101120557419596,0.404329816548462,0.0868455391305297,0.1719525929972714,0.10461892495207,0.8271921598114598,0.3244051839393604,0.2333395156507572,0.2048157169227598,0.5366746135619856,10_sp_aij_27,36656,0.01,10,11023,25,10,random
4,14.84848484848485,0.2111307249414681,0.4039178409493385,0.0857323334337482,0.1742679410473266,0.1023164326115132,0.8065638413357742,0.318702356645356,0.2302059014326899,0.2076887102985271,0.5340599889451332,10_sp_aij_27,36656,0.01,10,11023,25,10,random
5,17.272727272727273,0.2187065325598156,0.4118150048764206,0.0823859100033842,0.1711966229017981,0.1023131381440859,0.818923952059396,0.3224160440092248,0.2323370493270706,0.2036863777444156,0.5351858420396701,10_sp_aij_27,36656,0.01,10,11023,25,10,random
6,20.0,0.2154470118079976,0.4070944182576025,0.083162000539696,0.174888210289424,0.1025578044251849,0.8062818730621596,0.3281598628168128,0.2317853403138482,0.2018901706143133,0.5330814751764427,10_sp_aij_27,36656,0.01,10,11023,25,10,random
7,23.63636363636364,0.2138673320991124,0.4179233070140422,0.0866027992211721,0.1761730611714612,0.1029311760413436,0.8025037650569635,0.3202562107959632,0.232930129287103,0.2031775783888484,0.5382372456470299,10_sp_aij_27,36656,0.01,10,11023,25,10,random
8,26.060606060606062,0.2175237352130509,0.4049624383780113,0.0846499784394207,0.1723840281783438,0.1069845217179427,0.8189853246708411,0.3187527838159053,0.2299742640931977,0.2054361510286902,0.5479107307467375,10_sp_aij_27,36656,0.01,10,11023,25,10,random
9,28.484848484848484,0.212439346807061,0.4101491830581267,0.0844020136014652,0.1772762526859076,0.1056638392687134,0.8154414108868537,0.3240025441066613,0.2312077262670897,0.1991305223420141,0.541033726210667,10_sp_aij_27,36656,0.01,10,11023,25,10,random
10,2.4242424242424243,0.1615438580467214,0.1730613708488543,0.1039494458896046,0.1475564279804697,0.0787809607423873,0.4065695540563537,0.1038771630640816,0.0391257683140814,0.0922081369118314,0.2423953488429476,10_sp_aij_27,41300,0.01,10,11023,25,10,random
11,3.6363636363636367,0.1894849069388032,0.2625581116232039,0.1219200436055185,0.1469690262771903,0.0902411814998338,0.5886690877140519,0.2265859095157937,0.0597683055202898,0.1220736166681278,0.3676018727266083,10_sp_aij_27,41300,0.01,10,11023,25,10,random
12,7.272727272727273,0.2090492452732536,0.4351261087164259,0.1164823662860951,0.158236093084657,0.0921278982614891,0.8810003132061434,0.3319290224291397,0.1825986942932435,0.1973149680370889,0.5780671495816073,10_sp_aij_27,41300,0.01,10,11023,25,10,random
13,8.484848484848484,0.2157641189498373,0.4394413499327297,0.106220555266859,0.1627838826487472,0.0928189788593765,0.8589681504165064,0.3225671391226442,0.2103886829765839,0.1979086361353868,0.568019542262883,10_sp_aij_27,41300,0.01,10,11023,25,10,random
14,14.84848484848485,0.2251294703411103,0.4160052658853553,0.084572219845407,0.1720780635422673,0.1035122922352722,0.8293840183569622,0.3232819707566943,0.2373873569828211,0.1972821845261509,0.5349353843502045,10_sp_aij_27,41300,0.01,10,11023,25,10,random
15,18.484848484848484,0.2139199397379181,0.3979188300204452,0.0837104213898512,0.1760012572332382,0.1005775875459862,0.8074121393854046,0.3168285428648658,0.2367508342930102,0.2078887245334354,0.534218699642085,10_sp_aij_27,41300,0.01,10,11023,25,10,random
16,23.63636363636364,0.2195849378442765,0.4100712136566701,0.0821738968044372,0.1729984972751727,0.1081499456882833,0.8139737802491872,0.3178847211813061,0.2372220389043494,0.2073392878213977,0.5348169585584599,10_sp_aij_27,41300,0.01,10,11023,25,10,random
17,26.060606060606062,0.2158446597974767,0.4153092305528191,0.0816813481186841,0.1687182422229818,0.1049737143172285,0.8207296775551358,0.3284406003761139,0.2341364922331147,0.2012001376412016,0.5222431229636081,10_sp_aij_27,41300,0.01,10,11023,25,10,random
18,28.484848484848484,0.2150380285493639,0.4139398001339824,0.0821599084069008,0.1760519198073355,0.1036883917518553,0.819951780801139,0.3225930711150782,0.2288251462475834,0.1995788823280976,0.5163758151415003,10_sp_aij_27,41300,0.01,10,11023,25,10,random
19,30.0,0.2208761424556548,0.3989688865632393,0.0848192503658038,0.1758690137923267,0.1044234048974,0.7980120844506596,0.3219631156798624,0.2368502377163061,0.197162185234965,0.5348713969207604,10_sp_aij_27,41300,0.01,10,11023,25,10,random
20,2.4242424242424243,0.110158284690379,0.1396061614075456,0.0762811465711945,0.1858195402123069,0.0505495336793064,0.2583283948411484,0.1819220344453494,0.0385484131703994,0.1047861000622016,0.1518364175675925,10_sp_aij_27,416304,0.01,10,11023,25,10,random
21,10.0,0.2220317199402655,0.4502576239280355,0.089135935367146,0.1670488156995757,0.0905443613097015,0.8598637187564239,0.3212602438306888,0.2342282038445459,0.2058869807085095,0.5588358898406846,10_sp_aij_27,416304,0.01,10,11023,25,10,random
22,11.212121212121213,0.2197682654575549,0.4281219985429174,0.0808752098415457,0.1681715761183932,0.0934628153394502,0.8288332953782231,0.3140830886980447,0.2396673924843751,0.2047978111115198,0.549927591855282,10_sp_aij_27,416304,0.01,10,11023,25,10,random
23,14.84848484848485,0.2124047772729113,0.4125544839800035,0.0821593030507677,0.1744015447771948,0.1024831689815101,0.8136049578659522,0.3216638020056975,0.2290664185119186,0.2034856193918544,0.5227651799983415,10_sp_aij_27,416304,0.01,10,11023,25,10,random
24,16.060606060606062,0.2180715568178116,0.4056583907338015,0.0803583385256253,0.171351386476329,0.103018946886992,0.8142537605598489,0.3110095767986434,0.2282798441519583,0.2057800678677655,0.5389071695371411,10_sp_aij_27,416304,0.01,10,11023,25,10,random
25,17.272727272727273,0.2199532121624662,0.4048362271142985,0.0783325900353831,0.1710367714757608,0.104908586985477,0.8062712851363454,0.3167329526135283,0.2345027156801452,0.2023399095978662,0.5263619830717963,10_sp_aij_27,416304,0.01,10,11023,25,10,random
26,20.0,0.2220993807102234,0.4084744127710421,0.0817109360899818,0.1757937030409565,0.1060749261348114,0.7871321863608027,0.3128837495076226,0.2325417779447412,0.1986729937745018,0.5234404080831574,10_sp_aij_27,416304,0.01,10,11023,25,10,random
27,21.21212121212121,0.2134047562931111,0.4012602896172552,0.0817199205250762,0.1717425647699999,0.1078961958663196,0.8030072230389151,0.3104708400846926,0.2316840727993417,0.2036362187972841,0.5124437615413353,10_sp_aij_27,416304,0.01,10,11023,25,10,random
28,24.848484848484848,0.222835224946313,0.3996293525923614,0.0877938459954111,0.1752340505070458,0.1037397480908724,0.8065570937577332,0.3281321507943616,0.2297328169809141,0.2041417195106262,0.5319397703166034,10_sp_aij_27,416304,0.01,10,11023,25,10,random
29,28.484848484848484,0.2165909523366294,0.401019830723912,0.0899115918579265,0.1781315753150446,0.1004358219942963,0.8170380018226094,0.3184369300468456,0.2268002741972003,0.2082376068789639,0.5331295843974229,10_sp_aij_27,416304,0.01,10,11023,25,10,random
30,0.0,0.08,0.01,0.03,0.07,0.01,0.07,0.06,0.09,0.07,0.03,10_sp_aij_27,591973,0.01,10,11023,25,10,random
31,1.2121212121212122,0.0980200116318811,0.0198488679167762,0.0570443618760926,0.124299157812917,0.0144622067884708,0.1744672200316259,0.1258668204512825,0.080459776217598,0.1173023067568091,0.0745265317973641,10_sp_aij_27,591973,0.01,10,11023,25,10,random
32,12.424242424242424,0.2316319001897689,0.4324980648632411,0.0810314280680743,0.1803823397201382,0.0869299784569756,0.8400231653980367,0.3282127536116165,0.2404024086224834,0.20709996133414,0.5451526242076958,10_sp_aij_27,591973,0.01,10,11023,25,10,random
33,17.272727272727273,0.2171723418519577,0.4050291031710657,0.0853947647534172,0.176031744567101,0.1020564490207852,0.8140226944579783,0.3138363556205493,0.2326051838976938,0.2021382999452889,0.5304012175003577,10_sp_aij_27,591973,0.01,10,11023,25,10,random
34,18.484848484848484,0.2215282530011482,0.408320467055393,0.0807648847744427,0.1781471522468335,0.1034953350494488,0.8045482185001603,0.3175719077233956,0.234383621756073,0.2038303420120599,0.5274812443750801,10_sp_aij_27,591973,0.01,10,11023,25,10,random
35,20.0,0.2159938663313575,0.4045246457831152,0.0810227288800685,0.1799837919464005,0.1057381909608177,0.8117049618148443,0.3231224426073001,0.232571787023991,0.2037863329246642,0.5373282953843261,10_sp_aij_27,591973,0.01,10,11023,25,10,random
36,21.21212121212121,0.2174047814946994,0.4124039430540901,0.082220556203662,0.1805535637001429,0.1061012357958293,0.8110833565426269,0.3242166127827146,0.2315792751944801,0.2081470944213072,0.5327519066448207,10_sp_aij_27,591973,0.01,10,11023,25,10,random
37,23.63636363636364,0.2131361973433984,0.4034383219977375,0.0841869053218715,0.172035715330197,0.1036332173005945,0.8135630119690646,0.3175603125813915,0.2344675593147725,0.2019042259749066,0.5327610201282982,10_sp_aij_27,591973,0.01,10,11023,25,10,random
38,26.060606060606062,0.2214679129223916,0.4134609516820498,0.0806947691153317,0.1734162787680707,0.1021014426712624,0.8100639542358344,0.3211633261343451,0.2381278308982226,0.2066495292026513,0.5436427401490089,10_sp_aij_27,591973,0.01,10,11023,25,10,random
39,27.272727272727277,0.2300208456050289,0.4158557048583671,0.081836542773218,0.1735121917123272,0.1010975054730808,0.8183918222403332,0.3253481870039047,0.2362392224259653,0.1960334156743318,0.5288917769584859,10_sp_aij_27,591973,0.01,10,11023,25,10,random
40,3.6363636363636367,0.1754142053279969,0.2466304840234049,0.1207797610358206,0.1591703839877706,0.0780777988686045,0.6123977006317463,0.2697835481268367,0.1179527449805064,0.1555959493257544,0.3962886017452255,10_sp_aij_27,2091765,0.01,10,11023,25,10,random
41,11.212121212121213,0.2158224435046056,0.4136262845394302,0.0857007420401556,0.1671147704279704,0.1003632296189081,0.8377360614823645,0.3219047920938493,0.2354818663849542,0.2009457298009712,0.5482208340985877,10_sp_aij_27,2091765,0.01,10,11023,25,10,random
42,13.636363636363637,0.2089895451966344,0.4033837130983631,0.0838156221380335,0.1735161254022903,0.1002038973461956,0.8209201184954913,0.3278532405508621,0.2340593368241007,0.2044287209443251,0.5449753279037133,10_sp_aij_27,2091765,0.01,10,11023,25,10,random
43,14.84848484848485,0.2089056499753755,0.4055052943848286,0.0825491962676881,0.1766053843298606,0.1000772621960572,0.8128367493913299,0.3203119457746785,0.2275390618254603,0.2074919223599398,0.5272782583752432,10_sp_aij_27,2091765,0.01,10,11023,25,10,random
44,17.272727272727273,0.2151579657504452,0.4170833438497008,0.0831050783997304,0.1721307019630976,0.0989970319897241,0.8375373338001316,0.3277421692656906,0.2325244005124127,0.2043482245747266,0.544839685016388,10_sp_aij_27,2091765,0.01,10,11023,25,10,random
45,18.484848484848484,0.2120559676803954,0.4051164696877907,0.0817250291818938,0.1738999650702412,0.0976665206348802,0.8199062262407963,0.3191011316690095,0.2415300680572715,0.2042477454445352,0.5365743155065612,10_sp_aij_27,2091765,0.01,10,11023,25,10,random
46,24.848484848484848,0.2198903827838807,0.4063283556485372,0.0830743241242498,0.1749385751183123,0.1054470010471744,0.8203460586983102,0.3202413183279259,0.2330535702718001,0.2072312526875949,0.5255888198932311,10_sp_aij_27,2091765,0.01,10,11023,25,10,random
47,26.060606060606062,0.2207223109904309,0.4094660423899347,0.0853753899559079,0.1727382896223902,0.1014886750848777,0.8299665628573516,0.3266443539292677,0.237125728317787,0.2081836081309848,0.5357458578703268,10_sp_aij_27,2091765,0.01,10,11023,25,10,random
48,28.484848484848484,0.2184040689373243,0.4060978136744441,0.0819911304576353,0.1719789089469079,0.1021423328574233,0.8157647384008527,0.3191988464313496,0.2320838069867141,0.2067339757264613,0.5237164911109592,10_sp_aij_27,2091765,0.01,10,11023,25,10,random
49,30.0,0.2218056328050561,0.4058545688467865,0.0825614490138828,0.1682978549813839,0.1026605821957284,0.814277684813099,0.3330149158007967,0.2268482948737152,0.2044953467706596,0.5375845060264353,10_sp_aij_27,2091765,0.01,10,11023,25,10,random
50,4.848484848484849,0.1099515737055841,0.3550695588331218,0.1406306560805391,0.1398885723458816,0.0739822227696364,0.7695183532561414,0.2839143719977651,0.103912158705518,0.1989588086720689,0.5036944311004928,10_sp_aij_27,2369231,0.01,10,11023,25,10,random
51,7.272727272727273,0.1951661827190239,0.4685706813313625,0.1045379030806431,0.1492425254692087,0.0904524799517906,0.8905191947106281,0.3131230109305107,0.1996498194002166,0.207691952861629,0.5842275907797172,10_sp_aij_27,2369231,0.01,10,11023,25,10,random
52,10.0,0.2160102885676767,0.4273012367083785,0.0847235428564504,0.1677415724695438,0.1007721302716525,0.8466490203422443,0.3209434946841142,0.2347423865376685,0.1993352667901785,0.5406027029379111,10_sp_aij_27,2369231,0.01,10,11023,25,10,random
53,12.424242424242424,0.2229358333756314,0.4144349582110569,0.0825147583107091,0.177036663761744,0.0986089811466503,0.8193985486434453,0.3207227041852992,0.2335511089304663,0.2041742412749448,0.5314473343887034,10_sp_aij_27,2369231,0.01,10,11023,25,10,random
54,16.060606060606062,0.2194399921163079,0.3968284829482414,0.0829144167652345,0.1734517357469434,0.0991901054574098,0.8196354458491023,0.3191949070237243,0.2398652624918693,0.2044738266245011,0.5298243165387736,10_sp_aij_27,2369231,0.01,10,11023,25,10,random
55,20.0,0.2249525903095552,0.4082273324307823,0.0810595209277402,0.1716302253041244,0.1044083697037621,0.819163996988039,0.3192223682951017,0.2323732566786385,0.1972646646199931,0.5316756005806735,10_sp_aij_27,2369231,0.01,10,11023,25,10,random
56,22.424242424242426,0.2131444063253848,0.4074518540495864,0.0855031745816643,0.1810135201670936,0.1057151167686892,0.7968912463159701,0.3205154557136647,0.2341165974850929,0.201495927375979,0.5292474879651554,10_sp_aij_27,2369231,0.01,10,11023,25,10,random
57,26.060606060606062,0.2106324409549682,0.4011818458393297,0.0805025689266604,0.1700401219901171,0.1057973227187835,0.8011173142377758,0.31657579052187,0.234205416570449,0.2026506175298113,0.5249537270407705,10_sp_aij_27,2369231,0.01,10,11023,25,10,random
58,27.272727272727277,0.2113925739392956,0.4035173486078993,0.0816844393282756,0.1696932666803861,0.1036227086935285,0.8124639628827591,0.3214866336421388,0.2320818379481698,0.2041355591740192,0.5364365521568516,10_sp_aij_27,2369231,0.01,10,11023,25,10,random
59,30.0,0.2230392659718728,0.3878084320509328,0.0808985455919611,0.1739525227360753,0.1050580963870305,0.8037354271354414,0.3184528957512193,0.2314118959082811,0.1961885742300001,0.5395158662705802,10_sp_aij_27,2369231,0.01,10,11023,25,10,random
60,2.4242424242424243,0.0842509115030062,0.1301065860303763,0.1358348230758216,0.0424476802658202,0.0581803851286429,0.3863127265057841,0.1744371694822457,0.0174775096352121,0.1267940602142083,0.2892371800437582,10_sp_aij_27,2753893,0.01,10,11023,25,10,random
61,3.6363636363636367,0.1035428500887366,0.2757613021838774,0.1509449160251524,0.0643194658317512,0.0612420512132243,0.6631172577190191,0.2536017681810755,0.0281738345379888,0.1562968669136466,0.4447768657515254,10_sp_aij_27,2753893,0.01,10,11023,25,10,random
62,6.0606060606060606,0.1674232365320758,0.5315273455031235,0.1268820014170857,0.106549469636372,0.0782825474420384,0.9658028367063756,0.3286500519575551,0.1022605489259237,0.1957056491376861,0.631583590015508,10_sp_aij_27,2753893,0.01,10,11023,25,10,random
63,12.424242424242424,0.2275226452965873,0.3985811200500512,0.0773070165498029,0.1738896215065219,0.1038256352533106,0.8148253819940816,0.3069705836988897,0.2466145813075493,0.1974297516107782,0.5306006673604148,10_sp_aij_27,2753893,0.01,10,11023,25,10,random
64,14.84848484848485,0.217568818586814,0.3987831990130763,0.0810187481308295,0.1773287751089978,0.1055154636832468,0.7788318177619246,0.3239349527625979,0.228805035129139,0.1958872942361506,0.5167307901835458,10_sp_aij_27,2753893,0.01,10,11023,25,10,random
65,16.060606060606062,0.2142936030821877,0.4012756708489318,0.0832738532722587,0.177394423381705,0.1031179000187546,0.7881699884380041,0.3146356250998625,0.2231457521693926,0.2035064855889677,0.5194492060805914,10_sp_aij_27,2753893,0.01,10,11023,25,10,random
66,20.0,0.2167214786097267,0.403128852116391,0.0864060009390773,0.1714078476920629,0.1043922362605745,0.8222784274916057,0.3247646122204888,0.2262016602461313,0.2016997216267674,0.5393649342084674,10_sp_aij_27,2753893,0.01,10,11023,25,10,random
67,24.848484848484848,0.2107479580190672,0.403050679570953,0.0842272566994226,0.1759951123053821,0.1033417029341391,0.8097585788268478,0.3225212797754194,0.2294001390048477,0.2058352312356919,0.5338917416069917,10_sp_aij_27,2753893,0.01,10,11023,25,10,random
68,28.484848484848484,0.2215379127562661,0.409363538570357,0.0796978303324329,0.1775949190104846,0.1024677301102974,0.8152651735521762,0.3207828421231733,0.230330785139191,0.2067925221915937,0.5333954128049261,10_sp_aij_27,2753893,0.01,10,11023,25,10,random
69,30.0,0.215065218044149,0.4005266518842278,0.0806805883985175,0.1753585204063821,0.102909666466312,0.8074831239311472,0.3185973253804656,0.2273166877031661,0.2020927261784891,0.5375172804684162,10_sp_aij_27,2753893,0.01,10,11023,25,10,random
70,11.212121212121213,0.2274827360377714,0.4142336327089703,0.0802579993968929,0.1816948514624125,0.098645890789986,0.8236658794706166,0.3224914166723594,0.2327912698992203,0.2037393211558824,0.5280048959227027,10_sp_aij_27,2858482,0.01,10,11023,25,10,random
71,16.060606060606062,0.2190116649852443,0.4154086016538055,0.0806996569075949,0.1753327440217915,0.1034874849168906,0.8193236693575006,0.3169684824579709,0.2365143885956954,0.199870014803586,0.5438901761836009,10_sp_aij_27,2858482,0.01,10,11023,25,10,random
72,17.272727272727273,0.2196380220120548,0.407795698483221,0.078624704108965,0.1784259273723571,0.1036798334442407,0.80804586949271,0.3229694961440394,0.242062594748832,0.204416991015465,0.534237773397478,10_sp_aij_27,2858482,0.01,10,11023,25,10,random
73,20.0,0.2150778205963664,0.4003513858228252,0.0803190457175479,0.1770800111446045,0.1072054602653606,0.8020415351152356,0.3170866317286718,0.2306133557664362,0.2046593864936184,0.5310639094703102,10_sp_aij_27,2858482,0.01,10,11023,25,10,random
74,21.21212121212121,0.212772467044284,0.4086702148655188,0.0814000415968585,0.1738761328025972,0.1094392048371864,0.812897387976916,0.321343676150803,0.2328637763970237,0.1985577410294356,0.5339763910510332,10_sp_aij_27,2858482,0.01,10,11023,25,10,random
75,24.848484848484848,0.2210646102176954,0.4031880486469953,0.0823989234766429,0.1693463069062774,0.1046351288162657,0.813489857019008,0.3144784668631019,0.236258365710903,0.2033848253516578,0.5355805881208836,10_sp_aij_27,2858482,0.01,10,11023,25,10,random
76,26.060606060606062,0.2146512813946626,0.4061007046091994,0.0823629265770117,0.1714951054966992,0.1042376448853738,0.8000384430034351,0.3175301227321896,0.2337795084488362,0.2020437242692296,0.5319407080856602,10_sp_aij_27,2858482,0.01,10,11023,25,10,random
77,27.272727272727277,0.2146768500884751,0.4117036929677739,0.0810301851495697,0.172965497032118,0.1050050473814579,0.8223084973142093,0.314660828702263,0.2326434141753196,0.2055744330228658,0.5474858214287603,10_sp_aij_27,2858482,0.01,10,11023,25,10,random
78,28.484848484848484,0.21894708264111,0.4160269357622047,0.0781183688033674,0.1712147891103038,0.1080349569378049,0.813765092556254,0.3155994052763259,0.2330703016426937,0.1984517319515099,0.542798775410219,10_sp_aij_27,2858482,0.01,10,11023,25,10,random
79,30.0,0.2154874621530383,0.4006511383073853,0.0772356668032476,0.174556333284598,0.10916716189481,0.8032843220936277,0.3210768243385932,0.2351929127344913,0.1995728807600685,0.5298909305573537,10_sp_aij_27,2858482,0.01,10,11023,25,10,random
80,1.2121212121212122,0.0863259089529703,0.0766888282853258,0.0809243805402831,0.1220293631979558,0.0242123857493425,0.0421110855088239,0.1372264670289397,0.05915369782426,0.1139453172582822,0.1412254252893011,10_sp_aij_27,2905119,0.01,10,11023,25,10,random
81,3.6363636363636367,0.1200402790883389,0.1494783306920188,0.1185541177941329,0.1649393762965901,0.0346244765375535,0.536487854691726,0.2152100912845821,0.0732903058646486,0.2290109757500055,0.3518950124602175,10_sp_aij_27,2905119,0.01,10,11023,25,10,random
82,4.848484848484849,0.1501972247797511,0.297544346489994,0.1261757529048303,0.1489171823262814,0.0429750518250436,0.7560302456500843,0.2849883450369583,0.0990189871162313,0.2170611303515043,0.4781396291311521,10_sp_aij_27,2905119,0.01,10,11023,25,10,random
83,6.0606060606060606,0.1790455890998559,0.4200040814122332,0.1195570137933699,0.1485986497425848,0.052724683170531,0.8736953303995306,0.3144902361711766,0.138858324269436,0.2161611696324513,0.565983210453593,10_sp_aij_27,2905119,0.01,10,11023,25,10,random
84,7.272727272727273,0.1985099335001577,0.4683190286383616,0.1057538741621981,0.1577109890843448,0.0638547072484462,0.9136491420625188,0.3394714667486078,0.1791119970946068,0.2161354276639122,0.5842773922464936,10_sp_aij_27,2905119,0.01,10,11023,25,10,random
85,10.0,0.2209441533261693,0.4369615060294304,0.0861711191953096,0.1722533033598845,0.0861076245576978,0.847789549194146,0.3233949518220302,0.2364292548154158,0.204300920011888,0.5689189850220795,10_sp_aij_27,2905119,0.01,10,11023,25,10,random
86,17.272727272727273,0.2073851392236856,0.4107003038200623,0.0794080343993749,0.1744109812571704,0.1000937423398418,0.8102850089091189,0.319026629798895,0.2422162449475788,0.2120495385123831,0.5311215981797828,10_sp_aij_27,2905119,0.01,10,11023,25,10,random
87,21.21212121212121,0.216319446468889,0.4131726307436672,0.0784850177859034,0.1709257758191891,0.1031791217910492,0.8248621867705777,0.3200625012325848,0.233437705565826,0.2004724094195593,0.5309596756766468,10_sp_aij_27,2905119,0.01,10,11023,25,10,random
88,22.424242424242426,0.2143437425181676,0.4124903606519242,0.0815411126326351,0.1792714124056244,0.1028007722759119,0.8036465438113994,0.3185115826348293,0.2328833229816126,0.2013358713199306,0.5379390807537826,10_sp_aij_27,2905119,0.01,10,11023,25,10,random
89,24.848484848484848,0.2183512512245126,0.4030869827068326,0.0826974674619582,0.1755407039991706,0.1058324143087182,0.8001789920332424,0.3162285005348996,0.2372240098300242,0.1992522009877726,0.5287951849684099,10_sp_aij_27,2905119,0.01,10,11023,25,10,random
90,1.2121212121212122,0.0630334481781772,0.0505713830077532,0.0685959018409211,0.1210621043845403,0.0689228479198147,0.1677217949168127,0.0664964958261964,0.0742898766827558,0.1406985185981341,0.1541088289018065,10_sp_aij_27,3049039,0.01,10,11023,25,10,random
91,2.4242424242424243,0.0964879981146313,0.0942649217766924,0.0851552712416591,0.1337025919294062,0.0781028805026389,0.3884054046782988,0.1334018063178592,0.0854867401718848,0.174849658868415,0.2509058594195394,10_sp_aij_27,3049039,0.01,10,11023,25,10,random
92,6.0606060606060606,0.1865668198864698,0.4051067694252005,0.1090538062041534,0.1487683762853161,0.0933835746668463,0.8195171470746878,0.3097942110013142,0.172312318824721,0.2004615091805364,0.5384874053580143,10_sp_aij_27,3049039,0.01,10,11023,25,10,random
93,7.272727272727273,0.2026834493217164,0.4383034005853927,0.1012529032672921,0.1572085337708199,0.0976189554907716,0.8456407205825142,0.3240573944155013,0.2074522895631187,0.1973464142784535,0.5545210931254959,10_sp_aij_27,3049039,0.01,10,11023,25,10,random
94,8.484848484848484,0.2167561153211497,0.4298055997324591,0.09445186820423,0.1701476072215702,0.0993642494764683,0.8419042521311465,0.3200607231146453,0.2232567459161961,0.2009035026573836,0.5657372390125235,10_sp_aij_27,3049039,0.01,10,11023,25,10,random
95,10.0,0.2163043235757049,0.4109695800868532,0.0880163437129785,0.1770362650739051,0.1018961094502922,0.8158784168127832,0.327169333978392,0.2360474778138054,0.2045644486722014,0.5374718744003752,10_sp_aij_27,3049039,0.01,10,11023,25,10,random
96,13.636363636363637,0.2182766938960267,0.3980534891018409,0.0860460003776505,0.1752719977157054,0.1045556968434219,0.8076532319366145,0.3249195423577817,0.22942535947544,0.204772376029253,0.5226142484613723,10_sp_aij_27,3049039,0.01,10,11023,25,10,random
97,17.272727272727273,0.2261253110592218,0.412916367919018,0.0839993705118753,0.1702977314758202,0.1012016153747267,0.816155357467468,0.3167575046095126,0.2376908567511837,0.1964291528981658,0.5377571236117282,10_sp_aij_27,3049039,0.01,10,11023,25,10,random
98,26.060606060606062,0.2175691567102063,0.4048313638558159,0.088140571215134,0.1759512054838637,0.1045922223494098,0.8090694338417269,0.33511872006847,0.2341823263194704,0.1993399325319834,0.5288513468912329,10_sp_aij_27,3049039,0.01,10,11023,25,10,random
99,30.0,0.2147768705032986,0.3964394385138272,0.0866035193986167,0.1727082783057569,0.1036713424962458,0.7993466404138937,0.3250146608779312,0.2344803988045519,0.2014723190179197,0.5161144063501615,10_sp_aij_27,3049039,0.01,10,11023,25,10,random
100,1.2121212121212122,0.0573307444954737,0.1134693163459409,0.0492217945283025,0.0537482534601739,0.0898182849792604,0.2204194366434167,0.0311024205133495,0.0125192920665069,0.1203397935759342,0.0794337523281037,10_sp_aij_27,4211685,0.01,10,11023,25,10,random
101,3.6363636363636367,0.1277638295542596,0.328818078457629,0.0887575837055502,0.0971314382470324,0.110108702790491,0.6530107003710468,0.216478502257348,0.0301243653943752,0.1496374315587894,0.3849700538321435,10_sp_aij_27,4211685,0.01,10,11023,25,10,random
102,4.848484848484849,0.1609156220941499,0.4429494907274786,0.1081330046846601,0.1179788016926118,0.1119261179772115,0.812482676110185,0.3013737868053113,0.0555357769522804,0.1708361386195723,0.5148918594454438,10_sp_aij_27,4211685,0.01,10,11023,25,10,random
103,10.0,0.2170964460400261,0.4410875822897152,0.0901528149104799,0.163655161722791,0.1084963573691642,0.846336276768585,0.3246435673232076,0.2326830591734106,0.2023744589823227,0.5575407828645429,10_sp_aij_27,4211685,0.01,10,11023,25,10,random
104,11.212121212121213,0.2199436976053209,0.4204281985443338,0.0868057329009411,0.1755653846837419,0.1073677852125625,0.8244968477582525,0.3119420176255245,0.2374160074372948,0.2000427852293124,0.5498224219713806,10_sp_aij_27,4211685,0.01,10,11023,25,10,random
105,13.636363636363637,0.2227215867148856,0.3983836973870813,0.0820855887377008,0.1759375685787316,0.1066892419276968,0.7995029833886881,0.3157861038437858,0.2388220959407787,0.1940780984870362,0.5344764245798103,10_sp_aij_27,4211685,0.01,10,11023,25,10,random
106,20.0,0.2160395007352243,0.4010451133545946,0.0875060941165463,0.170966769124903,0.103266436826206,0.8047683410502586,0.3159746142305318,0.2280372445351474,0.2069396825665461,0.5192345465746165,10_sp_aij_27,4211685,0.01,10,11023,25,10,random
107,21.21212121212121,0.2136867741093493,0.3967597459023879,0.0859172930391396,0.169667724186971,0.1023023917501105,0.8278762397529731,0.3203382501577047,0.2358249712253149,0.2024981728712772,0.5286225407894805,10_sp_aij_27,4211685,0.01,10,11023,25,10,random
108,23.63636363636364,0.2160948495734017,0.4036727740580846,0.0806784430256462,0.1791698708182323,0.1040946814769459,0.8138668359675115,0.3153730905803611,0.2308325447714748,0.2037029736423607,0.5204480606230552,10_sp_aij_27,4211685,0.01,10,11023,25,10,random
109,26.060606060606062,0.2152794180880997,0.4030016059532683,0.0824289728821968,0.1740325333675929,0.1024944915924427,0.8219878342573448,0.3247244185890986,0.2264468091534039,0.2057917094412212,0.5359503803174728,10_sp_aij_27,4211685,0.01,10,11023,25,10,random
110,0.0,0.08,0.01,0.05,0.03,0.08,0.01,0.01,0.02,0.01,0.02,10_sp_aij_27,4240255,0.01,10,11023,25,10,random
111,1.2121212121212122,0.1003218574723645,0.0178797263348001,0.0832881540652907,0.060736290450009,0.0855136632790463,0.0294737408078199,0.0298809131175018,0.0245989770438467,0.019778237363228,0.0454879412131274,10_sp_aij_27,4240255,0.01,10,11023,25,10,random
112,4.848484848484849,0.1472834666116402,0.0837725518966683,0.17687381662557,0.1467106503504918,0.0783782680468727,0.4074957306969797,0.2347109596036941,0.0497152548686787,0.1263531160213201,0.3131858173743576,10_sp_aij_27,4240255,0.01,10,11023,25,10,random
113,6.0606060606060606,0.1571258435060598,0.1731535262521069,0.1820990337607924,0.1455039371416862,0.0744965537696445,0.6098634495570775,0.2821608701179352,0.069078600976141,0.170102978417462,0.4351434855764457,10_sp_aij_27,4240255,0.01,10,11023,25,10,random
114,8.484848484848484,0.1904729757917627,0.4215046274039481,0.1365244973588762,0.1421040959214585,0.0763006253715709,0.8625043620268231,0.3136816916711286,0.1484281183598414,0.2028458081977438,0.5866790277498267,10_sp_aij_27,4240255,0.01,10,11023,25,10,random
115,14.84848484848485,0.2170259080911069,0.4135982821677365,0.0826217319097103,0.1719627936686178,0.0973321634230461,0.8166977115856642,0.3221947134561362,0.2348412536933393,0.2051867081173376,0.5325971741962732,10_sp_aij_27,4240255,0.01,10,11023,25,10,random
116,23.63636363636364,0.2116767907582989,0.3979457137775508,0.0822808481088168,0.1753781546953927,0.1070977115732711,0.7884117678476881,0.3157775378971297,0.2277025293335946,0.2038151927379853,0.5187798282320734,10_sp_aij_27,4240255,0.01,10,11023,25,10,random
117,26.060606060606062,0.2170142183387683,0.4063560614722608,0.0825495043806517,0.1729907362666197,0.1047193685568989,0.823249233738987,0.3186122000355307,0.2261182044151983,0.1991702801573644,0.5368870505679698,10_sp_aij_27,4240255,0.01,10,11023,25,10,random
118,28.484848484848484,0.2157373623745182,0.4162325741504019,0.0811804565272107,0.1717647788653846,0.1026043608734362,0.8045644095320386,0.3244935968854996,0.2268111400474894,0.2075072671631391,0.5496439563896889,10_sp_aij_27,4240255,0.01,10,11023,25,10,random
119,30.0,0.2155151297801437,0.4189242746521857,0.0793849547491743,0.1741088340013451,0.1067933607164976,0.8166917478643825,0.3145829581561936,0.2371156917196206,0.2023008509969314,0.5429973267894864,10_sp_aij_27,4240255,0.01,10,11023,25,10,random
120,6.0606060606060606,0.1846752689695506,0.4261715098474732,0.1332830222873131,0.1451811365176767,0.0789966921297254,0.8675177506680504,0.3245772915674147,0.1519060168081892,0.2047489139223429,0.5790386834831236,10_sp_aij_27,5140131,0.01,10,11023,25,10,random
121,8.484848484848484,0.2202762487722988,0.4513364297583775,0.0983639555248017,0.1604672807437829,0.0902808202659472,0.8729375120814507,0.3322980084904988,0.2236949823663962,0.2010217106430222,0.5718195901684472,10_sp_aij_27,5140131,0.01,10,11023,25,10,random
122,10.0,0.2228219794531793,0.4252635705240997,0.0889885984560758,0.1726125822491148,0.0934402896612073,0.8297667873596525,0.3248054124740012,0.240418971208939,0.2032606086791163,0.5636158797689435,10_sp_aij_27,5140131,0.01,10,11023,25,10,random
123,11.212121212121213,0.2219202039577214,0.4165570104216428,0.0844974929333073,0.1787145809586491,0.0977625584836842,0.8107408691411597,0.3262615884571345,0.2387846795648319,0.207549235578457,0.5461681223302737,10_sp_aij_27,5140131,0.01,10,11023,25,10,random
124,14.84848484848485,0.2145300010852954,0.3987634549203532,0.0842196027803721,0.1778355033931533,0.1043793023620505,0.810967031138555,0.3184315162243132,0.2327811808125295,0.2032904073593666,0.5156684155645604,10_sp_aij_27,5140131,0.01,10,11023,25,10,random
125,17.272727272727273,0.215755662047054,0.3958744600198671,0.0875571767912189,0.1799216041284782,0.102394489714278,0.7993374865663581,0.3301175721166831,0.2373505796344807,0.2013838755368105,0.5444603992441555,10_sp_aij_27,5140131,0.01,10,11023,25,10,random
126,20.0,0.2163212180589794,0.4067249067395088,0.0856716260414,0.1765173333613173,0.1047504530905291,0.8213387582650201,0.3218754220294971,0.2362132878789189,0.206160442738543,0.5259574211956289,10_sp_aij_27,5140131,0.01,10,11023,25,10,random
127,26.060606060606062,0.2135866037394644,0.3974054060762723,0.0843599311825486,0.1739106862678283,0.1054549419491857,0.8065055342242443,0.3208690377161378,0.2343779400678024,0.2073185870164153,0.5286168172645831,10_sp_aij_27,5140131,0.01,10,11023,25,10,random
128,28.484848484848484,0.2177688232317566,0.406836615029866,0.0810351377159836,0.168573510838817,0.1055465919154604,0.8174047521371783,0.3117034500724915,0.2380881302217757,0.1994426555512862,0.5304432530732466,10_sp_aij_27,5140131,0.01,10,11023,25,10,random
129,30.0,0.2219290324955952,0.4163214711415778,0.0800194948064902,0.1717094345757596,0.1068094682387804,0.8069962951857768,0.3221996791043521,0.2365732427626388,0.1969376210446907,0.534059775283566,10_sp_aij_27,5140131,0.01,10,11023,25,10,random
130,1.2121212121212122,0.0539929088775245,0.1023843704014649,0.0434412231317219,0.1008202804928275,0.038511333008834,0.0886114595035841,0.1341666632218322,0.0630486946965679,0.0271553673074721,0.0704691640247454,10_sp_aij_27,5576645,0.01,10,11023,25,10,random
131,4.848484848484849,0.1381546895573647,0.2573905890702162,0.1472921019418145,0.1753423087465063,0.0602344569162739,0.6797196144061368,0.2896895256963178,0.0909603605083335,0.2086056904299509,0.4484702126099342,10_sp_aij_27,5576645,0.01,10,11023,25,10,random
132,6.0606060606060606,0.1666398348562487,0.3753820806933703,0.1389452345058979,0.1609727180246421,0.0671213671830282,0.826164796999787,0.3128992414376345,0.1228592691431828,0.2194841930064866,0.5475104977100645,10_sp_aij_27,5576645,0.01,10,11023,25,10,random
133,7.272727272727273,0.1986685708275654,0.4419705806097962,0.1212145622170565,0.1540941011983232,0.0757798425875323,0.8965373685532825,0.3248051966617906,0.1696374999072618,0.2135345553290077,0.5988402135746768,10_sp_aij_27,5576645,0.01,10,11023,25,10,random
134,10.0,0.2218759590226154,0.4505502905950086,0.0941149413950337,0.1660000602683649,0.0897811945825859,0.8586150784052314,0.3264094663551499,0.2376659847697436,0.2045812989381443,0.5802641447014126,10_sp_aij_27,5576645,0.01,10,11023,25,10,random
135,13.636363636363637,0.2231552347902974,0.410849208437875,0.0810302261886437,0.1743095624670417,0.1019753754945774,0.8171835673965325,0.328094544071252,0.2342309744551043,0.1961371684482969,0.5321607496737899,10_sp_aij_27,5576645,0.01,10,11023,25,10,random
136,18.484848484848484,0.2200031441574357,0.4022936727243173,0.0830639408611726,0.180679850310181,0.1016016989785258,0.8216751953472684,0.3184495962345821,0.2283019513990403,0.2026591035311985,0.5377435511787663,10_sp_aij_27,5576645,0.01,10,11023,25,10,random
137,20.0,0.2188883358269565,0.4067168793284171,0.0810368154839284,0.1771136187314687,0.1006591843007458,0.8246048711841856,0.3215638208603006,0.2328923907123926,0.2054213711639559,0.5350396629233616,10_sp_aij_27,5576645,0.01,10,11023,25,10,random
138,22.424242424242426,0.2191473170622981,0.3840917005257825,0.0846943649493004,0.1769573314130811,0.1045119907523501,0.8148903703723517,0.3209370109695488,0.2370959075362759,0.1949753771943974,0.5255779696095789,10_sp_aij_27,5576645,0.01,10,11023,25,10,random
139,24.848484848484848,0.2197268066164834,0.3965880744660633,0.0866575406734298,0.1746846723874174,0.1058992624151808,0.8085992157050028,0.3209275820222823,0.2314464898927205,0.2042242905114925,0.5165327722857646,10_sp_aij_27,5576645,0.01,10,11023,25,10,random
140,1.2121212121212122,0.0466220382378745,0.0580870661905577,0.0229315869955325,0.0478370140067282,0.0925840266735777,0.1088906121642279,0.1435188260339365,0.0835455258638002,0.0976025566265124,0.0690116968897912,10_sp_aij_27,5589942,0.01,10,11023,25,10,random
141,3.6363636363636367,0.0726147590256221,0.2011174193579969,0.0800252023277802,0.1191750520287535,0.0904854014840477,0.516300678281974,0.2423533997482913,0.0873213744351676,0.1983313935175278,0.315836523679702,10_sp_aij_27,5589942,0.01,10,11023,25,10,random
142,6.0606060606060606,0.1375645830792815,0.432291382226473,0.1009103492379336,0.139248980112276,0.0949964985865457,0.8704274838729831,0.3084375833885882,0.154277522806489,0.2195542176308117,0.5441944496827787,10_sp_aij_27,5589942,0.01,10,11023,25,10,random
143,7.272727272727273,0.1730519001165357,0.464120302666375,0.0921675672101892,0.1498262198111714,0.09831211537359,0.8928336713663636,0.3074985298460135,0.1973809958695134,0.2121493755515377,0.5756113431859713,10_sp_aij_27,5589942,0.01,10,11023,25,10,random
144,13.636363636363637,0.2134575293360151,0.3927512218564184,0.080589354823333,0.1761155549969067,0.1052462789121225,0.8081842432194017,0.3205656534159134,0.2382098380359134,0.2029280546144538,0.5247234425880609,10_sp_aij_27,5589942,0.01,10,11023,25,10,random
145,16.060606060606062,0.2144592419922567,0.3962068646375636,0.0837789748120159,0.179105079911708,0.105445002616349,0.8046439991849765,0.3204805046481743,0.229709527920008,0.210657131661004,0.5271742627546973,10_sp_aij_27,5589942,0.01,10,11023,25,10,random
146,21.21212121212121,0.221955371287911,0.4175308039898164,0.0845036330988802,0.1764177488913592,0.1057907733945083,0.8219903422527464,0.3194410505799709,0.2313072389210127,0.1991261699020634,0.530178939065146,10_sp_aij_27,5589942,0.01,10,11023,25,10,random
147,22.424242424242426,0.2172266582598208,0.4022747656098326,0.0849147560274033,0.1767898638277681,0.106389197627793,0.809300902823444,0.3212605020833259,0.228400592131,0.2024639849039725,0.5296688943613084,10_sp_aij_27,5589942,0.01,10,11023,25,10,random
148,27.272727272727277,0.215664416141109,0.4124907738859373,0.0831147507303305,0.1722007420270617,0.1047530501154246,0.8095582514609335,0.3216111432978584,0.2333232515065074,0.208630639405614,0.5315367549997013,10_sp_aij_27,5589942,0.01,10,11023,25,10,random
149,30.0,0.2199544220590161,0.4018660575152796,0.0791609449909479,0.1743321596270481,0.1035462060294141,0.7985581481342788,0.3186616633452077,0.2406527271540913,0.2020728280560118,0.5314784847243416,10_sp_aij_27,5589942,0.01,10,11023,25,10,random
150,0.0,0.09,0.04,0.07,0.05,0.06,0.03,0.03,0.06,0.06,0.05,10_sp_aij_27,8493390,0.01,10,11023,25,10,random
151,1.2121212121212122,0.1051654895111393,0.0580362716957393,0.0944384015550812,0.0920103340576371,0.0651341909482425,0.1000636876249522,0.0688971570489829,0.0635194368157961,0.1029336480822512,0.1108939394727936,10_sp_aij_27,8493390,0.01,10,11023,25,10,random
152,2.4242424242424243,0.1240638373093371,0.0881902150446233,0.1138213098836953,0.1233367127894107,0.0709728437679903,0.286313878716056,0.1432845455212681,0.070684916323742,0.1453337531722684,0.2141751353705771,10_sp_aij_27,8493390,0.01,10,11023,25,10,random
153,7.272727272727273,0.2002193311854674,0.4313578812021059,0.1128970209775099,0.1506644837225617,0.0820537018111759,0.8559748382613158,0.3198102431783424,0.1868619292931274,0.2086651232345753,0.5879204991802922,10_sp_aij_27,8493390,0.01,10,11023,25,10,random
154,11.212121212121213,0.2186338620575774,0.4190740136650907,0.0799142667028518,0.1703671562267692,0.0982788594602912,0.8214188730912717,0.3120541169018297,0.2475456996652508,0.1982437284112409,0.5433172801989704,10_sp_aij_27,8493390,0.01,10,11023,25,10,random
155,12.424242424242424,0.2218063770848617,0.4113561905169059,0.0779150265933414,0.170192347542478,0.1014822848425067,0.813097727581688,0.3173203618516439,0.2359814081945022,0.1960711907663664,0.5266454375103427,10_sp_aij_27,8493390,0.01,10,11023,25,10,random
156,20.0,0.2161386713457831,0.4092515850728184,0.0841523548879791,0.1799340710712449,0.1048689505982072,0.8146764860803971,0.3146960876219778,0.2341080954723923,0.2056953752044626,0.528015807991964,10_sp_aij_27,8493390,0.01,10,11023,25,10,random
157,24.848484848484848,0.2184614424088061,0.4130970970971421,0.0874767112287804,0.1681789320120763,0.1065075373611563,0.8312874801693586,0.3271704763237235,0.2285841907134322,0.1958134222908972,0.5423993185879487,10_sp_aij_27,8493390,0.01,10,11023,25,10,random
158,26.060606060606062,0.2141175805226926,0.4022524647505791,0.084688252008269,0.1717965806962106,0.1038243362943922,0.8186955825797042,0.319823510611977,0.2293041417721319,0.1999805102694257,0.5382297014099217,10_sp_aij_27,8493390,0.01,10,11023,25,10,random
159,30.0,0.2193911019642219,0.4031089035746776,0.0852499348901913,0.1753439440565062,0.1053166125711339,0.8148840201174024,0.3228543340743901,0.2305720998400365,0.2041782140714381,0.5248097190738676,10_sp_aij_27,8493390,0.01,10,11023,25,10,random
160,1.2121212121212122,0.1120995031350338,0.1112459142465154,0.1119532814370772,0.118105885567518,0.0860902238026511,0.1782885589747253,0.1062758422658819,0.0111131473983446,0.1302646243790753,0.061812215260967,10_sp_aij_27,8982779,0.01,10,11023,25,10,random
161,4.848484848484849,0.1618824380890488,0.3916030740900782,0.1615429735325429,0.135863972718829,0.0854050805152239,0.8518931013923634,0.3287387523361602,0.0369115468059056,0.2024464229785398,0.5665898395725376,10_sp_aij_27,8982779,0.01,10,11023,25,10,random
162,6.0606060606060606,0.1876172910195422,0.4910730450639526,0.1388926996356992,0.1351826114506392,0.0913691996689269,0.9655645710050874,0.3383866461608643,0.074330441964224,0.1971111682626589,0.6298224051074294,10_sp_aij_27,8982779,0.01,10,11023,25,10,random
163,7.272727272727273,0.2049241428174172,0.5007816747717883,0.1220675234694156,0.1425002226262175,0.0945233513521027,0.9653995980865572,0.3497721199111578,0.1328684244821944,0.1991607374533466,0.6459819023127711,10_sp_aij_27,8982779,0.01,10,11023,25,10,random
164,8.484848484848484,0.2131487237743032,0.4878193051817185,0.1045840696889555,0.1517182122854909,0.0986503875393784,0.9186246003204372,0.3368887620226671,0.192377414459289,0.2016210137922692,0.6153257927229787,10_sp_aij_27,8982779,0.01,10,11023,25,10,random
165,18.484848484848484,0.2203310339075315,0.4188336064704214,0.0845730659880543,0.178283088269313,0.1033311491880746,0.8157488658578455,0.3209828983004587,0.2325212942546776,0.2011400586747751,0.536899479855242,10_sp_aij_27,8982779,0.01,10,11023,25,10,random
166,24.848484848484848,0.2147163704762643,0.4098959866117502,0.0835712108347426,0.1721220482276468,0.1060194049691768,0.8201318163053825,0.3184488362879024,0.2322202212948763,0.2011667292328538,0.5354065243280897,10_sp_aij_27,8982779,0.01,10,11023,25,10,random
167,26.060606060606062,0.2152649708460648,0.4095128391524905,0.0848913215002118,0.1767398840728628,0.1072268248519937,0.8186911016075646,0.3202338378949786,0.2286277302927956,0.2001337198175235,0.535240293273481,10_sp_aij_27,8982779,0.01,10,11023,25,10,random
168,27.272727272727277,0.2143921134085929,0.3960240806616244,0.0845464420538796,0.1715130775939326,0.1059199294533145,0.8114095242154135,0.3184261572972597,0.2338402077687067,0.205583043514063,0.5299661143160238,10_sp_aij_27,8982779,0.01,10,11023,25,10,random
169,30.0,0.2153032168799911,0.4074700421451156,0.08442532379286,0.1750823394109427,0.1063711310918579,0.8150627127460128,0.3192062332681015,0.2379447384132666,0.1992044414166864,0.5393908493182213,10_sp_aij_27,8982779,0.01,10,11023,25,10,random
170,3.6363636363636367,0.1384850016600166,0.2515924769178628,0.1257281882437167,0.1521541913483139,0.0907547645240886,0.6098071841562313,0.2654000069852682,0.1083645130399322,0.1727607435957915,0.4106845460426011,10_sp_aij_27,9036584,0.01,10,11023,25,10,random
171,4.848484848484849,0.1610917776034169,0.3457184424513134,0.1288763999141102,0.152851020817734,0.0960694657300424,0.7585665342740056,0.304036938741378,0.1408603235195678,0.2065405751537233,0.5059546756042853,10_sp_aij_27,9036584,0.01,10,11023,25,10,random
172,8.484848484848484,0.21122640026809,0.4255513731884682,0.0935202129093552,0.161348395680835,0.1001169740704678,0.8483361981705001,0.3168424821165861,0.2231304436987207,0.1997812659452876,0.5550862574634058,10_sp_aij_27,9036584,0.01,10,11023,25,10,random
173,12.424242424242424,0.2177455268294953,0.4236078959612132,0.0837314920758874,0.1695576598054251,0.1041868572692761,0.8252220243075752,0.3150164077861468,0.2310943944760859,0.1990686085890372,0.5417722793490616,10_sp_aij_27,9036584,0.01,10,11023,25,10,random
174,17.272727272727273,0.2197773776451166,0.4063639681624231,0.0795506886279272,0.1800018660551626,0.1055209443476836,0.8253200249844237,0.3134999430690978,0.2399472605894421,0.2016327764178141,0.5312138958819661,10_sp_aij_27,9036584,0.01,10,11023,25,10,random
175,18.484848484848484,0.2163449211863359,0.3936567808445294,0.0809007839789187,0.1791640288510561,0.1045388450421869,0.7983613689391731,0.3161160522007483,0.2459775998428901,0.2026179625465838,0.5222743228592985,10_sp_aij_27,9036584,0.01,10,11023,25,10,random
176,23.63636363636364,0.218435811280069,0.4020759177376658,0.0830935651903211,0.1715124273613815,0.1047123965584407,0.8048716780922209,0.323959922494193,0.2385583924075715,0.2010690384586915,0.5245095139274514,10_sp_aij_27,9036584,0.01,10,11023,25,10,random
177,24.848484848484848,0.224272280176749,0.3954857222341701,0.0819844462608567,0.1736689287738847,0.103171100936147,0.7844600186433807,0.3208321071874944,0.2318412740083914,0.1983483679705925,0.5156160210813877,10_sp_aij_27,9036584,0.01,10,11023,25,10,random
178,27.272727272727277,0.2131682976986341,0.4035989733937108,0.0871129749686484,0.1749766531376168,0.1053018575782122,0.8108881651058498,0.3233563485598369,0.2292469870976504,0.202578084264901,0.534039659167709,10_sp_aij_27,9036584,0.01,10,11023,25,10,random
179,30.0,0.2151452509301672,0.4035508464781908,0.0855413730482073,0.1744037620387776,0.1013330966877154,0.8224124826457329,0.3190796183178681,0.235560573953992,0.1998025847154681,0.5345561984240829,10_sp_aij_27,9036584,0.01,10,11023,25,10,random
180,1.2121212121212122,0.107805301117409,0.1210421665452449,0.0202851688371352,0.1192524751709274,0.0414449800554267,0.1212273394698285,0.1037246112923637,0.043364888183239,0.0770174460572484,0.0265208981284396,10_sp_aij_27,9275155,0.01,10,11023,25,10,random
181,2.4242424242424243,0.1218745098966412,0.158737190586633,0.0435390734652044,0.1747130099670198,0.0546674951828943,0.2866452229457979,0.2060577343360783,0.045720098377951,0.1319261418362351,0.0803798718981927,10_sp_aij_27,9275155,0.01,10,11023,25,10,random
182,6.0606060606060606,0.1700553771963594,0.410478379775189,0.130352195761059,0.1619179618663398,0.0829470384858251,0.8734705248300176,0.3316751818124058,0.105205169484371,0.2269248260623774,0.5712512192040554,10_sp_aij_27,9275155,0.01,10,11023,25,10,random
183,7.272727272727273,0.1922285384229171,0.4719994143819272,0.1153396618624655,0.1516167861947675,0.0870747506384472,0.9172456404161836,0.337807134830042,0.1595659958954904,0.2191737246091221,0.5885311066535982,10_sp_aij_27,9275155,0.01,10,11023,25,10,random
184,8.484848484848484,0.2087120896435731,0.4639098557089637,0.0990570656140707,0.1559668883054196,0.0882946709148536,0.9257527130814216,0.3301440631369408,0.204638534609144,0.2114682351040106,0.5912674771968469,10_sp_aij_27,9275155,0.01,10,11023,25,10,random
185,14.84848484848485,0.2214654963092466,0.4053404869765928,0.0864874024543339,0.1836576180086759,0.1026295460848946,0.7934038591506253,0.3242579697437813,0.2369436166930702,0.2008817161543646,0.5348738760752829,10_sp_aij_27,9275155,0.01,10,11023,25,10,random
186,17.272727272727273,0.2232184637758216,0.400431694509267,0.0851186478899874,0.1781637137308022,0.0982883725820776,0.8122089736556017,0.3204835950729213,0.2303391496261768,0.1996938481098965,0.5279138970226728,10_sp_aij_27,9275155,0.01,10,11023,25,10,random
187,18.484848484848484,0.2182038032843491,0.408737589013165,0.0857732265966335,0.1750313638131495,0.1005671231105363,0.7834899142669377,0.3277332071703767,0.2304613335355851,0.1964967822848478,0.5302518698025016,10_sp_aij_27,9275155,0.01,10,11023,25,10,random
188,22.424242424242426,0.2186438073896953,0.4050922349398304,0.0827362255385801,0.179698134469987,0.1027760884258875,0.8034790663586968,0.3160454461216266,0.2291706964355849,0.2068930144786985,0.5316383913306726,10_sp_aij_27,9275155,0.01,10,11023,25,10,random
189,30.0,0.2169778614353526,0.4116571088792656,0.0823738884370579,0.1761822145105084,0.1035195842739643,0.8193840805121567,0.310655057457298,0.2324097205203716,0.2040275814666442,0.5371946508653803,10_sp_aij_27,9275155,0.01,10,11023,25,10,random
190,3.6363636363636367,0.1048515325484169,0.4017282524633739,0.0757676032436935,0.1018748817971963,0.0295779408398819,0.7577763028408505,0.2833298293491937,0.0709274134739771,0.1809555465591251,0.4644793234965125,10_sp_aij_27,9845126,0.01,10,11023,25,10,random
191,6.0606060606060606,0.1819465932526732,0.5226679113966824,0.0869848364194945,0.1463313447286396,0.0523817189048975,0.9864899023537604,0.3355081625600637,0.1638762173071152,0.2169629926636974,0.6189329125293038,10_sp_aij_27,9845126,0.01,10,11023,25,10,random
192,10.0,0.2274224759972145,0.4394630704159346,0.078611203999063,0.1762763347602199,0.085826734957119,0.8531217943898727,0.3277234594287672,0.2449628410562386,0.2045386184780703,0.5537329473357696,10_sp_aij_27,9845126,0.01,10,11023,25,10,random
193,12.424242424242424,0.2234939878248051,0.4208327524730899,0.0813957424488127,0.174626183794725,0.0950877066959482,0.8509564832441949,0.3224416697060585,0.2403962270620889,0.1995331268873071,0.5338683638875693,10_sp_aij_27,9845126,0.01,10,11023,25,10,random
194,20.0,0.2139242330557765,0.4088924258127101,0.0870335402487625,0.167204511779321,0.1042415821228463,0.8208368109035828,0.3175397199238579,0.2309624886561904,0.1993117719512218,0.5413618417651268,10_sp_aij_27,9845126,0.01,10,11023,25,10,random
195,21.21212121212121,0.2145224479346563,0.4164706549767925,0.081361499524372,0.1758262090043004,0.1074790213101844,0.8257521776834734,0.3188811391889649,0.2354609006203412,0.1983690107104657,0.5337619677223867,10_sp_aij_27,9845126,0.01,10,11023,25,10,random
196,22.424242424242426,0.2197228893048417,0.4096506755226535,0.0818548268800861,0.1715275601669366,0.1048334243731191,0.819166674831286,0.3168959297450761,0.232728513779536,0.1972645960391282,0.5385541242437492,10_sp_aij_27,9845126,0.01,10,11023,25,10,random
197,24.848484848484848,0.219545249713677,0.4210606112367411,0.0837255437134126,0.171609889844085,0.1038870142284285,0.8195106896903186,0.3173974462479047,0.2313056041840941,0.1984791977311899,0.537170462783128,10_sp_aij_27,9845126,0.01,10,11023,25,10,random
198,27.272727272727277,0.2168126838288275,0.4015034087812154,0.0830380891303196,0.1762751306907784,0.1001777521670345,0.8284612054176761,0.3212525052192503,0.2345005602463581,0.2026888386230052,0.5356180512762908,10_sp_aij_27,9845126,0.01,10,11023,25,10,random
199,30.0,0.2184545709739735,0.4024445745259878,0.0854368599962145,0.1742058762487587,0.1037575005350396,0.8141431084045873,0.3119303940041167,0.2351512410588807,0.1984970923770045,0.5236982401372109,10_sp_aij_27,9845126,0.01,10,11023,25,10,random
200,0.0,0.07,0.06,0.07,0.04,0.06,0.08,0.06,0.06,0.06,0.08,10_sp_aij_27,10011807,0.01,10,11023,25,10,random
201,1.2121212121212122,0.0868224777628817,0.0994822400445117,0.0983131699126143,0.0792483642069923,0.0669632439942866,0.2281715318301243,0.1224669608738819,0.0640447166706798,0.1038432980867113,0.17013721217007,10_sp_aij_27,10011807,0.01,10,11023,25,10,random
202,4.848484848484849,0.164455377099163,0.3989126650056411,0.1247339224320115,0.1429962690997434,0.0839813958065287,0.8178447461433181,0.3050386340163312,0.1399316234496974,0.1954891992487391,0.5361218760582702,10_sp_aij_27,10011807,0.01,10,11023,25,10,random
203,6.0606060606060606,0.1948740840095354,0.445749899686031,0.1115494046869497,0.15150437006082,0.0900212874031748,0.8657465145258748,0.3245098238538866,0.1800302791596093,0.1962340554835381,0.5720312771413218,10_sp_aij_27,10011807,0.01,10,11023,25,10,random
204,7.272727272727273,0.2062095254301009,0.4371529654080715,0.0993660492672356,0.1575168328862669,0.0964797445689631,0.8964296632639706,0.3294901610605028,0.214761606772916,0.2005619513269067,0.5730364052548482,10_sp_aij_27,10011807,0.01,10,11023,25,10,random
205,13.636363636363637,0.2153692811961703,0.4075225614472063,0.0805760431478284,0.1723147403001658,0.1003361728132856,0.8005971327221931,0.3078375397413325,0.2346782292460181,0.1984105391456105,0.5336252540645859,10_sp_aij_27,10011807,0.01,10,11023,25,10,random
206,17.272727272727273,0.2120010756599696,0.4037651992333617,0.0855518522655135,0.1741649416955731,0.0987338850969539,0.8112505284984117,0.3231570296461976,0.2288088393328544,0.2029858175915797,0.5296294399324155,10_sp_aij_27,10011807,0.01,10,11023,25,10,random
207,21.21212121212121,0.2174829907086673,0.4142666862819554,0.0853244999284846,0.1750154426799914,0.1035310708205995,0.8087700220174749,0.3260340043041233,0.2328435480197626,0.2029427698028287,0.5361538736968059,10_sp_aij_27,10011807,0.01,10,11023,25,10,random
208,22.424242424242426,0.2115705115673107,0.4015485177661048,0.0841494091764326,0.178403667981116,0.1024312513310767,0.798337777200108,0.3206808727719618,0.228852328610397,0.203011670050452,0.5135801113495827,10_sp_aij_27,10011807,0.01,10,11023,25,10,random
209,26.060606060606062,0.2170759593025567,0.3974292220966239,0.0802608110815616,0.1771699020563612,0.1020498693119205,0.822331463023296,0.3260936253594725,0.2306851502075737,0.2086345818894781,0.5197136049180578,10_sp_aij_27,10011807,0.01,10,11023,25,10,random
210,2.4242424242424243,0.0819999909236557,0.0987191219186744,0.1777129768569603,0.1815708499147055,0.0710288555424956,0.3250077374817949,0.2165508364346632,0.0593580779027738,0.068842338123465,0.2060932610473406,10_sp_aij_27,10488077,0.01,10,11023,25,10,random
211,4.848484848484849,0.1539463895605032,0.2544196458905041,0.1804644704954862,0.1679952186839058,0.0702795934498287,0.7235431185862822,0.2980131369239673,0.1008105278337007,0.1939044973856915,0.4978146171775728,10_sp_aij_27,10488077,0.01,10,11023,25,10,random
212,6.0606060606060606,0.182000461632538,0.3653293199642265,0.1526264386890486,0.1509371654847728,0.0733729028739839,0.8456614742794337,0.3190811479651333,0.142062224031476,0.2033443220844726,0.5622660860470107,10_sp_aij_27,10488077,0.01,10,11023,25,10,random
213,10.0,0.2291745889375014,0.4460217923070979,0.0904942115206322,0.1679567823786936,0.0904540187434485,0.8518317644398063,0.3203267627156773,0.2380375977637876,0.1963503356791037,0.5607672503545311,10_sp_aij_27,10488077,0.01,10,11023,25,10,random
214,11.212121212121213,0.2243068930312649,0.423215858052682,0.0856938871197464,0.17719017885073,0.0939270533341065,0.8463404032592963,0.3243091011083674,0.2443559561877238,0.1933017649976582,0.5449350996686158,10_sp_aij_27,10488077,0.01,10,11023,25,10,random
215,13.636363636363637,0.2184466990148831,0.4005337678576359,0.0842143096295194,0.1798001082321948,0.1054080810089981,0.8105579586502928,0.3170527400543079,0.2422264974986418,0.2068331677161372,0.5288447151790202,10_sp_aij_27,10488077,0.01,10,11023,25,10,random
216,17.272727272727273,0.2169085170539985,0.4067509184456478,0.085083158923691,0.1793563516000565,0.1037876645905292,0.8184850125461415,0.316817102507373,0.2342113649312912,0.2013999581336653,0.5302537574343585,10_sp_aij_27,10488077,0.01,10,11023,25,10,random
217,22.424242424242426,0.221032930374955,0.4164260608861841,0.0833690447862511,0.1719515659348555,0.1002637697672499,0.8264754812514199,0.3266218089667013,0.2340663801547946,0.2109152474592314,0.5411199164427648,10_sp_aij_27,10488077,0.01,10,11023,25,10,random
218,23.63636363636364,0.2194237724129961,0.4176715553139281,0.0799835944717767,0.1717618747653003,0.1014037452427119,0.8328278728135693,0.3206957128189418,0.2365820118959161,0.2077604767816567,0.5389636637012312,10_sp_aij_27,10488077,0.01,10,11023,25,10,random
219,27.272727272727277,0.21660059193447,0.4014325077879948,0.0827764047643749,0.1754460239302383,0.1042989084779328,0.8066399566229423,0.3185198151450968,0.2379796293283458,0.199515288918386,0.5258067163261599,10_sp_aij_27,10488077,0.01,10,11023,25,10,random
220,1.2121212121212122,0.0558795671971114,0.0970789783203463,0.0903914474531656,0.124784470397102,0.0663310692193602,0.0461229225887898,0.1066285469037635,0.0122965506548772,0.1305358306916358,0.1543843658879605,10_sp_aij_27,10793741,0.01,10,11023,25,10,random
221,2.4242424242424243,0.0720235609532202,0.1068342779380233,0.1087570907457429,0.1533118417167398,0.0658003756476311,0.2281382387851696,0.1494432712058644,0.0158535240410448,0.2167778143272858,0.2478962178266352,10_sp_aij_27,10793741,0.01,10,11023,25,10,random
222,4.848484848484849,0.1279194670388193,0.3540737106656304,0.1332571256237997,0.1314302293423226,0.0757629277605873,0.8147814647210126,0.300337004289308,0.0401074577430192,0.212238728432398,0.5230932554101984,10_sp_aij_27,10793741,0.01,10,11023,25,10,random
223,6.0606060606060606,0.1658640849254062,0.4818917902098084,0.1269356416971074,0.1325671885347498,0.0832284410520641,0.937257201662784,0.3334597622372865,0.0771695883803322,0.211752937301587,0.6000179108949296,10_sp_aij_27,10793741,0.01,10,11023,25,10,random
224,11.212121212121213,0.2230081837970685,0.4397152316551049,0.0815039909100784,0.1667370376388785,0.1025708352546884,0.8322805527785169,0.315002629753259,0.2508801126635406,0.1983133000514253,0.5603643688868007,10_sp_aij_27,10793741,0.01,10,11023,25,10,random
225,13.636363636363637,0.2240027976892362,0.4017107553259637,0.0801928853295205,0.1814524212671054,0.1054895657683564,0.7987217112050191,0.3163984380848053,0.2360407039577163,0.1984246160773906,0.524631548472108,10_sp_aij_27,10793741,0.01,10,11023,25,10,random
226,17.272727272727273,0.2106933744367794,0.3959265690907785,0.0828075969692478,0.1761119455950836,0.105886257275691,0.7982783461937171,0.3202206229315404,0.2262339170878858,0.2034414031061988,0.5190616319660134,10_sp_aij_27,10793741,0.01,10,11023,25,10,random
227,24.848484848484848,0.2168912819694544,0.3972877991824875,0.08354282185095,0.1786033299272635,0.1089159733336687,0.7990521106106203,0.3145261797907792,0.2307517514162677,0.1933829054465489,0.5299213166242833,10_sp_aij_27,10793741,0.01,10,11023,25,10,random
228,27.272727272727277,0.2141445242377754,0.3941231860541877,0.0831995265418923,0.182187359264151,0.1046677705407101,0.8172591581151166,0.3219435910209948,0.234957720247005,0.1986305182348291,0.5289118885782669,10_sp_aij_27,10793741,0.01,10,11023,25,10,random
229,30.0,0.2200710015659254,0.3997373927022448,0.0841497021968094,0.1746778657481713,0.1028214774117837,0.7949159218196433,0.320493292516173,0.2386561043278509,0.1988322919627288,0.527705208150974,10_sp_aij_27,10793741,0.01,10,11023,25,10,random
230,1.2121212121212122,0.1071589305472598,0.0755522227354554,0.1058082718694047,0.0408109735446128,0.0762889142805651,0.1058087045230976,0.0316837624618737,0.0490671965391524,0.0758826348759046,0.0328861234574451,10_sp_aij_27,11563241,0.01,10,11023,25,10,random
231,4.848484848484849,0.1570330674160915,0.2741073193362875,0.1503401270508655,0.1254226745931756,0.0822660921482923,0.6715504633545804,0.2772606530247823,0.0819465760083304,0.1631691588689819,0.4376261120442087,10_sp_aij_27,11563241,0.01,10,11023,25,10,random
232,10.0,0.2154706421790757,0.4387593557517827,0.0932661418733736,0.1649032002100618,0.0957401754017755,0.8467527493527637,0.32546524307328,0.2329643135890958,0.2002247193582746,0.5720648234297749,10_sp_aij_27,11563241,0.01,10,11023,25,10,random
233,13.636363636363637,0.217528960608307,0.4125104469622163,0.0834770424320177,0.1750756180809083,0.1011356111997446,0.8249534554488253,0.3229702645456358,0.2390773009170699,0.2000445518379572,0.5310915460246092,10_sp_aij_27,11563241,0.01,10,11023,25,10,random
234,14.84848484848485,0.2199890690649505,0.402190458735645,0.0831131478208516,0.1791261649906788,0.1027538797585593,0.8061190735401195,0.3169607884041595,0.2376742779427006,0.2035917379856773,0.5278553164804533,10_sp_aij_27,11563241,0.01,10,11023,25,10,random
235,18.484848484848484,0.2167887719271846,0.3985365130580335,0.083341721706007,0.175645543586864,0.103210935937133,0.8327351699388958,0.3201181074918685,0.2407165794145385,0.207933532834759,0.5407965959232648,10_sp_aij_27,11563241,0.01,10,11023,25,10,random
236,22.424242424242426,0.2142736844247835,0.4049736131522656,0.0772037419078566,0.169629967281017,0.1040409081374977,0.8207279025011908,0.3204102813732182,0.2372941106973725,0.2043123518966796,0.5292174815667016,10_sp_aij_27,11563241,0.01,10,11023,25,10,random
237,23.63636363636364,0.2168657701360923,0.4076704758383163,0.0785327330951495,0.1749749985694191,0.1046869014953165,0.8029090379091014,0.3242674571367783,0.2323312877956227,0.2073616547627742,0.5312226421888054,10_sp_aij_27,11563241,0.01,10,11023,25,10,random
238,26.060606060606062,0.2199600901157644,0.4040820831690533,0.0814495147383839,0.1734923696691662,0.103192176798311,0.801550841740119,0.3236635144271031,0.2291507046860955,0.2042837644163184,0.5358363787345075,10_sp_aij_27,11563241,0.01,10,11023,25,10,random
239,27.272727272727277,0.2188328365593663,0.4172408578196631,0.081504819247392,0.1738075598272318,0.1062547213578012,0.8159071715176259,0.3255607958170542,0.2278306309389962,0.2024965210072499,0.5228224388463186,10_sp_aij_27,11563241,0.01,10,11023,25,10,random
240,3.6363636363636367,0.145835113198879,0.3033685942251329,0.0468216618624856,0.139199813943224,0.095955843381912,0.6142366787641395,0.2607130875097621,0.1162151538395301,0.1675348474803848,0.3630091149943699,10_sp_aij_27,12733201,0.01,10,11023,25,10,random
241,6.0606060606060606,0.1859483249879168,0.4264824751361379,0.0781034266516244,0.161294018666504,0.1067703585405976,0.8374549843036694,0.3220112872285764,0.1893945718984939,0.2022934195616805,0.5331853734215549,10_sp_aij_27,12733201,0.01,10,11023,25,10,random
242,7.272727272727273,0.2039879895606033,0.4449829217779923,0.0795121771135831,0.1655557969163431,0.1087667538879864,0.8526759357721232,0.328263903826773,0.2176067439786352,0.2061804926583658,0.5371809218363724,10_sp_aij_27,12733201,0.01,10,11023,25,10,random
243,8.484848484848484,0.2134245527502073,0.4276835446246016,0.0782651189679664,0.1675932308095436,0.1068349266283343,0.8381619990622551,0.32230683069118,0.2347351401638646,0.2033666896827772,0.5437228265624182,10_sp_aij_27,12733201,0.01,10,11023,25,10,random
244,12.424242424242424,0.2157883623698594,0.3960932380378639,0.082637536662947,0.1762275044367701,0.1097728213809965,0.8118044754346426,0.3085772697553724,0.2442072690515661,0.199812962888559,0.5266326426742126,10_sp_aij_27,12733201,0.01,10,11023,25,10,random
245,14.84848484848485,0.220462825198624,0.4021232967251549,0.079808905050982,0.1736812214830992,0.1075678469420656,0.80905442170532,0.3291140488854014,0.2320560923116015,0.1947467545554456,0.5200240170032682,10_sp_aij_27,12733201,0.01,10,11023,25,10,random
246,21.21212121212121,0.2078379315423841,0.4011900555665539,0.0838793758866421,0.1728170807940169,0.1064730921161076,0.8155507209622479,0.3187292826306523,0.2358623171113449,0.1996281526010735,0.5269907717215094,10_sp_aij_27,12733201,0.01,10,11023,25,10,random
247,22.424242424242426,0.2168906442715815,0.4044902486194217,0.086652914046885,0.1707877428455663,0.1070594200668491,0.817950186016053,0.3248602128365163,0.237260699360841,0.2043379307379999,0.5276911113482609,10_sp_aij_27,12733201,0.01,10,11023,25,10,random
248,28.484848484848484,0.2213767994025403,0.4143176294755389,0.0804981300282964,0.177590408900074,0.1025785211805473,0.8013980862291383,0.3187842767754907,0.2380524075518285,0.2000221002878511,0.5348161693880549,10_sp_aij_27,12733201,0.01,10,11023,25,10,random
249,30.0,0.2198299256888194,0.3985582387241883,0.0820655432018726,0.1744933262679687,0.1027678032979807,0.8148048404213503,0.3191724409644866,0.2340640081184101,0.2047039120651077,0.5326165455216585,10_sp_aij_27,12733201,0.01,10,11023,25,10,random
