,time,species_0,species_1,species_2,species_3,species_4,species_5,species_6,species_7,species_8,species_9,ground_truth,timeseries_id,noise,n_species,did,n_timeseries,n_timepoints,sampling_scheme
0,0.0,0.04,0.05,0.01,0.02,0.02,0.07,0.01,0.09,0.07,0.03,10_sp_aij_3,36656,0.1,10,12872,21,15,even
1,2.121212121212121,0.1286171283184826,0.1918546309202645,0.0084216582502641,0.0973034181337569,0.1206106044200869,0.1832659889040494,0.0130795329163483,0.06115372714446,0.0397282773177408,0.0497976114974263,10_sp_aij_3,36656,0.1,10,12872,21,15,even
2,4.242424242424242,0.4213944702099705,0.4046129059158392,0.0067971014529963,0.5319237073518995,0.1842176924950155,0.180703072811697,0.0784365954050983,0.0734196048895678,0.0115387215905828,0.0856821115943482,10_sp_aij_3,36656,0.1,10,12872,21,15,even
3,6.363636363636364,0.7387994715909001,0.7097756714802185,0.0115183924956859,1.145076049393736,0.2003000122032724,0.2598360119818626,0.3358785327114487,0.0677025692336782,0.0123752408231128,0.4014807245717459,10_sp_aij_3,36656,0.1,10,12872,21,15,even
4,8.484848484848484,0.6778999385306976,0.7887166185253107,0.021742648114595,1.3762712994592947,0.1461327334114386,0.4173116568529058,0.5244815496808946,0.0463154531037547,0.0173601385789378,0.6256846457824458,10_sp_aij_3,36656,0.1,10,12872,21,15,even
5,10.606060606060606,0.6037017129553247,0.7030452302035132,0.022487826312579,1.0330479515351343,0.1641538016574009,0.3213154636049813,0.5272234678106803,0.0628358276126025,0.0227631101121228,0.4092211408603063,10_sp_aij_3,36656,0.1,10,12872,21,15,even
6,12.727272727272728,0.6384096946252303,0.6296858636290762,0.0391675660377911,1.4502684547916729,0.2229832617259327,0.4075050930188594,0.5324769259362143,0.0465178546472081,0.0232079342722874,0.5984915056123294,10_sp_aij_3,36656,0.1,10,12872,21,15,even
7,14.84848484848485,0.7470144957725462,0.810142389270883,0.0427650191409036,1.5026051674131051,0.140094433763162,0.3998291068594952,0.551797908043688,0.0427003108525534,0.0506018725587828,0.6302398603904859,10_sp_aij_3,36656,0.1,10,12872,21,15,even
8,16.96969696969697,0.8589199104033036,0.7156517813821675,0.0455078246160665,1.270138630833999,0.2202909629396915,0.4386037714396158,0.5007172189976329,0.039634083975006,0.0793542145914717,0.6164257840376787,10_sp_aij_3,36656,0.1,10,12872,21,15,even
9,19.09090909090909,0.9360762082876828,0.8899090032358042,0.0333687898158045,1.6489120622427904,0.176669460258421,0.4678152414850443,0.7158993255338053,0.0554479938549268,0.0980367435740229,0.5905246951901109,10_sp_aij_3,36656,0.1,10,12872,21,15,even
10,21.21212121212121,0.8663112107831737,0.8103634749564527,0.040146025521072,1.5957990842273089,0.145509966159377,0.4445030215769827,0.5595475795893073,0.0689270878785894,0.116764281522827,0.6275553288318156,10_sp_aij_3,36656,0.1,10,12872,21,15,even
11,23.333333333333336,0.6584695553061044,0.815472347915473,0.0504169043342933,1.2593344456530575,0.2096161631110942,0.3673303655218763,0.5679062556209759,0.0497714012549819,0.1298965126114973,0.6269136567840173,10_sp_aij_3,36656,0.1,10,12872,21,15,even
12,25.454545454545457,0.7642771229392962,0.7657986171782304,0.0723717092245131,1.2577537841913706,0.2545410473415114,0.4950539076966025,0.4900340933141401,0.0335244434147367,0.1078876301770147,0.7733650893885149,10_sp_aij_3,36656,0.1,10,12872,21,15,even
13,27.575757575757574,0.8045774273081354,0.9040151859869529,0.0597886817558894,1.449523117764289,0.2830998331041955,0.4857523389508707,0.6022724656173148,0.0253791814934216,0.1105423129407749,0.7532102779043424,10_sp_aij_3,36656,0.1,10,12872,21,15,even
14,30.0,0.7416436509442625,0.7353149517952248,0.0468105257466676,1.677165648810784,0.1776293024104722,0.4775920592711697,0.4782173229979184,0.034518134777442,0.1232607260487891,0.5442330713260207,10_sp_aij_3,36656,0.1,10,12872,21,15,even
15,0.0,0.06,0.09,0.02,0.06,0.03,0.03,0.04,0.03,0.02,0.03,10_sp_aij_3,416304,0.1,10,12872,21,15,even
16,2.121212121212121,0.1708080757888132,0.1628939722426902,0.0305266154847874,0.336708788018731,0.0909103602266964,0.0930893520097636,0.0670499352523625,0.0284306869126686,0.0139201513888713,0.0493220933798261,10_sp_aij_3,416304,0.1,10,12872,21,15,even
17,4.242424242424242,0.3160150513591531,0.3746710945704662,0.039697265269522,0.6130710020213599,0.2207052280630173,0.2340064916612172,0.1676600074790981,0.0298898229000398,0.0117382484380119,0.175721467509388,10_sp_aij_3,416304,0.1,10,12872,21,15,even
18,6.363636363636364,0.6289570624957911,0.7134395764523818,0.0486446230819536,1.2190684561338845,0.2137362467966397,0.2851858243530848,0.4436449763827939,0.0415745195626549,0.0088820160124598,0.4555466686996225,10_sp_aij_3,416304,0.1,10,12872,21,15,even
19,8.484848484848484,0.6098039100430919,0.8716431131514365,0.0359063944095207,1.2417767834288531,0.1607252108541894,0.3928380818889097,0.6282639092970543,0.0681789126010612,0.020000078298137,0.6208192590536279,10_sp_aij_3,416304,0.1,10,12872,21,15,even
20,10.606060606060606,0.8348746669111471,0.9042383683524724,0.0331637537608999,1.3593544153735724,0.1351988762331108,0.3935188069597492,0.6478517749618543,0.0675807759174823,0.0415001787221271,0.6178386963711905,10_sp_aij_3,416304,0.1,10,12872,21,15,even
21,12.727272727272728,0.6893493759933673,0.6992577528966349,0.0261150474514923,1.2268018843647663,0.1669404482331111,0.3568470882745522,0.6059161256597491,0.0546877844188125,0.1026168093002137,0.6532921240979735,10_sp_aij_3,416304,0.1,10,12872,21,15,even
22,14.84848484848485,0.714810553482848,0.839462420991166,0.0360665458178688,1.4983963348793077,0.1873545004927369,0.396218494918512,0.6094521985089647,0.0433359985993108,0.1220047135144291,0.5100249184748376,10_sp_aij_3,416304,0.1,10,12872,21,15,even
23,16.96969696969697,0.7073171633796654,0.6798409058078422,0.0348296690397455,1.3160694870140406,0.2733910640251588,0.3774681877446553,0.4404468905524774,0.0550055808383291,0.1276262817244211,0.599167693737972,10_sp_aij_3,416304,0.1,10,12872,21,15,even
24,19.09090909090909,0.9276079603009904,0.8667705484986159,0.0306973422060452,1.4379647848727748,0.2502552952740124,0.4258048860146972,0.6923206190606309,0.0408594424908927,0.1275305199790798,0.545377195586202,10_sp_aij_3,416304,0.1,10,12872,21,15,even
25,21.21212121212121,0.7307263404588521,0.7679114393394989,0.0326364668129541,1.1676120442881168,0.2400217833126404,0.4140214339296391,0.4571776100070546,0.0609598662887955,0.1601752417344247,0.4705207814916052,10_sp_aij_3,416304,0.1,10,12872,21,15,even
26,23.333333333333336,1.104306355692742,0.8371501346803029,0.0447544881298773,1.6670555345338345,0.2170277946492637,0.4956578611008747,0.6198755534255216,0.0602672008286502,0.1296481454971492,0.5777246558257029,10_sp_aij_3,416304,0.1,10,12872,21,15,even
27,25.454545454545457,0.7322484593193083,0.8236374332724751,0.0604518907677971,1.7863693379035763,0.2139924354236506,0.4872563177431115,0.6875887119911323,0.0538763166835472,0.1742490419286951,0.6902105611205491,10_sp_aij_3,416304,0.1,10,12872,21,15,even
28,27.575757575757574,0.7764641504696457,0.8750185681042524,0.062136103746638,1.5620721597622929,0.2280145996829853,0.5232234609609686,0.6476966484087293,0.0552081306739087,0.149490312165385,0.5752132661158461,10_sp_aij_3,416304,0.1,10,12872,21,15,even
29,30.0,0.7749301049425306,0.8136203522460407,0.0753948163212679,1.5249564306773815,0.2607579600630528,0.3370056518846479,0.4926769926409915,0.064587336065619,0.1676504753766948,0.5728532053219629,10_sp_aij_3,416304,0.1,10,12872,21,15,even
30,0.0,0.08,0.01,0.03,0.07,0.01,0.07,0.06,0.09,0.07,0.03,10_sp_aij_3,591973,0.1,10,12872,21,15,even
31,2.121212121212121,0.1408083583409929,0.051200831799651,0.0309509001919916,0.1592139299264338,0.0928289828050919,0.1857515180329682,0.0368295345848751,0.0662559674943458,0.0360705091311383,0.0853106688011964,10_sp_aij_3,591973,0.1,10,12872,21,15,even
32,4.242424242424242,0.3672981464755036,0.3356006364917656,0.0367393630516213,0.4487259612512987,0.2410876976188248,0.2580614646323528,0.0663787517686068,0.0435666834943836,0.0153767956102194,0.1332821167493666,10_sp_aij_3,591973,0.1,10,12872,21,15,even
33,6.363636363636364,0.6618421536821102,0.6431296912459913,0.059791806262237,1.1899431486667629,0.3193531254596856,0.2819629344264308,0.3222804294334987,0.0368950257446118,0.0074426982691476,0.3014433554746654,10_sp_aij_3,591973,0.1,10,12872,21,15,even
34,8.484848484848484,0.7597041031453157,1.0913666801854698,0.1024145523372208,1.842406976473076,0.2416861897923872,0.46801496797354,0.643950977577636,0.0415564868410928,0.0141003323307417,0.8329398520197231,10_sp_aij_3,591973,0.1,10,12872,21,15,even
35,10.606060606060606,1.0595474975433552,1.0549892442995632,0.0777350311645227,1.6614826476871667,0.1504543367632357,0.5164638833338699,0.6324985056811847,0.0446160792539798,0.0267931252736061,0.7560504778003083,10_sp_aij_3,591973,0.1,10,12872,21,15,even
36,12.727272727272728,0.968892712364238,0.9340457382822156,0.0683175229966193,1.8553849847344657,0.146276749374368,0.4655732117535549,0.7475906729980017,0.0520850148765245,0.1094577427543809,0.7185251868137192,10_sp_aij_3,591973,0.1,10,12872,21,15,even
37,14.84848484848485,0.593289693610746,0.7118873177994652,0.0567684366761801,1.416879254069319,0.2197105442055785,0.3969487693148687,0.5458441153480411,0.0630334587598631,0.144137088845092,0.559707375469272,10_sp_aij_3,591973,0.1,10,12872,21,15,even
38,16.96969696969697,0.7053033789413856,1.0247558500700271,0.0709378500224195,1.572492868975281,0.2315020771806368,0.444500511201861,0.4923380105058523,0.0521144681322164,0.0918136446427287,0.5612815690842177,10_sp_aij_3,591973,0.1,10,12872,21,15,even
39,19.09090909090909,0.7225428935609928,0.7640026300893146,0.0409879884631009,1.5106212436195487,0.2447728197503922,0.4507386047917667,0.6895717003497298,0.0682017754508202,0.1582812179922534,0.5182169919278986,10_sp_aij_3,591973,0.1,10,12872,21,15,even
40,21.21212121212121,0.9568882576890798,0.9458084704372166,0.0289652373592145,1.8156627916454209,0.2081724848119779,0.4306002649386053,0.6719399351517328,0.0684067851928384,0.1598784101254631,0.6800099071204125,10_sp_aij_3,591973,0.1,10,12872,21,15,even
41,23.333333333333336,0.8550277340263122,0.6051505533146193,0.0251031612357476,1.4528449261617007,0.1799657497064219,0.4861255614805131,0.5986094898315333,0.0663399912185916,0.1809798970619102,0.7492778069522673,10_sp_aij_3,591973,0.1,10,12872,21,15,even
42,25.454545454545457,0.8438576113645271,0.9294667449736416,0.0310743828957089,1.6089490885853557,0.1882384218289217,0.3878402369285058,0.4411675958530233,0.0628338379025589,0.1525791264915511,0.6340790535769072,10_sp_aij_3,591973,0.1,10,12872,21,15,even
43,27.575757575757574,1.065900021812331,1.067385566672273,0.0318362440009728,1.694316285284738,0.1589652833694576,0.5057269435397743,0.9010684441026486,0.0752564105262521,0.0933944145921405,0.793648201425837,10_sp_aij_3,591973,0.1,10,12872,21,15,even
44,30.0,0.8147721972934983,0.663169189507374,0.0279606548512262,1.6643407364132077,0.1606174069954609,0.4848993921174569,0.6496839662533576,0.0732671559465776,0.1796268890255133,0.6913984708930365,10_sp_aij_3,591973,0.1,10,12872,21,15,even
45,0.0,0.09,0.08,0.05,0.07,0.05,0.09,0.03,0.07,0.04,0.08,10_sp_aij_3,2091765,0.1,10,12872,21,15,even
46,2.121212121212121,0.2472185286450403,0.2930915460117815,0.072245000614524,0.4222165620996206,0.214902302206604,0.1918472749727781,0.0548234451973943,0.0633223938908052,0.0186846788342387,0.1429460256549831,10_sp_aij_3,2091765,0.1,10,12872,21,15,even
47,4.242424242424242,0.4866032714171819,0.4184751021223594,0.0614783215507008,0.8010572674558455,0.3173224192040524,0.2968271841381478,0.2123772329331111,0.0562601471939106,0.0146443514203268,0.2850883694931698,10_sp_aij_3,2091765,0.1,10,12872,21,15,even
48,6.363636363636364,0.8649024150443575,0.948490470589022,0.0794938915696525,1.4440120515048565,0.3963822412396265,0.3500289075613256,0.5337653909098379,0.0856717150226809,0.0173081144311498,0.5844458358330443,10_sp_aij_3,2091765,0.1,10,12872,21,15,even
49,8.484848484848484,0.8720323711505427,0.7897280481566437,0.0987785483960038,1.5279646656057675,0.1854062074018424,0.4102411343879842,0.678802951185233,0.0712429014972902,0.0636236062886579,0.7035548757667843,10_sp_aij_3,2091765,0.1,10,12872,21,15,even
50,10.606060606060606,0.7618480960358125,0.9752276177513304,0.0652935990601584,1.2821033826781885,0.2104898072478983,0.3774997686677102,0.5878092036435261,0.0708738965274843,0.1124564200959715,0.5564407703495748,10_sp_aij_3,2091765,0.1,10,12872,21,15,even
51,12.727272727272728,0.7621584332243934,0.7461026134828889,0.0564500106960859,1.3614653123113358,0.1635821740025042,0.5144538484456136,0.6049481845782121,0.0565869910236774,0.0867145510621428,0.6647915040569697,10_sp_aij_3,2091765,0.1,10,12872,21,15,even
52,14.84848484848485,0.5877175048915266,0.703984077735703,0.0344913036605053,1.3184787649337175,0.1693180324484202,0.4039999933799464,0.5185211973363,0.0408494659852051,0.1376059543734826,0.4978782814901981,10_sp_aij_3,2091765,0.1,10,12872,21,15,even
53,16.96969696969697,0.7795715549618701,0.9300764873548466,0.0386063766719989,1.3122148468244557,0.1584047903431608,0.5080793519748968,0.6290831098573182,0.0480740067925928,0.1163694842057015,0.6769772525009214,10_sp_aij_3,2091765,0.1,10,12872,21,15,even
54,19.09090909090909,0.7265477977742333,0.5622849171298684,0.0193937569826524,0.9603962769233972,0.1313385751725094,0.3940793898297622,0.4818274529789489,0.0648354291337281,0.1219029959513038,0.514997779836278,10_sp_aij_3,2091765,0.1,10,12872,21,15,even
55,21.21212121212121,0.7012590979361745,0.7543183564717458,0.0230830043862062,1.1666322984777031,0.17607087052267,0.4441940005811077,0.5686741240555032,0.0381101427217531,0.100047082335751,0.5960472554892654,10_sp_aij_3,2091765,0.1,10,12872,21,15,even
56,23.333333333333336,0.9118249809507392,0.8065853105814863,0.0414656056421932,1.324361198186098,0.1607125577231994,0.4282532355902957,0.453626053253246,0.0557496170725636,0.1150860239834705,0.7451447935207132,10_sp_aij_3,2091765,0.1,10,12872,21,15,even
57,25.454545454545457,1.1553903418328266,0.9122159310819428,0.0492431243454445,1.5196574112140158,0.2493224849264361,0.4790816950379814,0.7186720252790817,0.0576867587666804,0.2020533655409946,0.7821441748806923,10_sp_aij_3,2091765,0.1,10,12872,21,15,even
58,27.575757575757574,0.8482816139339203,0.8114241866873617,0.0487642944061977,1.3348268488557649,0.2140303853363963,0.3584242507833118,0.5895720388647888,0.0632309452332978,0.200271219339349,0.6306675834491852,10_sp_aij_3,2091765,0.1,10,12872,21,15,even
59,30.0,0.9050516528947684,0.7746584331290035,0.039580417698189,1.067147627668853,0.1964926937951967,0.4475743213910197,0.7499842758263423,0.0505848782951771,0.1723601529832476,0.6828311022886921,10_sp_aij_3,2091765,0.1,10,12872,21,15,even
60,0.0,0.02,0.02,0.02,0.02,0.04,0.09,0.05,0.04,0.02,0.04,10_sp_aij_3,2369231,0.1,10,12872,21,15,even
61,2.121212121212121,0.0815405602564458,0.0799776647121107,0.022541289526216,0.0580834372003567,0.1443958778954452,0.2356986514432649,0.0568945808155386,0.0284822621588883,0.017381455236465,0.0613424954665508,10_sp_aij_3,2369231,0.1,10,12872,21,15,even
62,4.242424242424242,0.3822633278440843,0.4152785431456597,0.0362810587017322,0.3727456146469798,0.313425106224672,0.2440547946688407,0.0876989107651653,0.0362396649128807,0.0049312512908549,0.1379364001843169,10_sp_aij_3,2369231,0.1,10,12872,21,15,even
63,6.363636363636364,0.8185146711712692,0.787489508101134,0.0501862983444026,1.2113909715044442,0.252877594991872,0.2418540988207846,0.3608009109142411,0.0386311609943844,0.0031853795531573,0.3465909788572003,10_sp_aij_3,2369231,0.1,10,12872,21,15,even
64,8.484848484848484,1.071317722526903,0.9624388666313016,0.0623404481752814,1.593104066083696,0.2346088747297814,0.4185883482032606,0.6382536066057628,0.0761817248020548,0.0062437108504786,0.6650466281451719,10_sp_aij_3,2369231,0.1,10,12872,21,15,even
65,10.606060606060606,0.7338936849111337,0.676227440014348,0.0459013625895893,1.538507570713767,0.1260200397971056,0.4543526240298197,0.6633167452778308,0.057934613371843,0.0145614774181332,0.6173278494833145,10_sp_aij_3,2369231,0.1,10,12872,21,15,even
66,12.727272727272728,0.9754126416960416,0.8108292973631193,0.0366406115291682,1.1593149817391264,0.0879955099236394,0.4030048691199752,0.5408400124460647,0.0494533581768603,0.0367747834402793,0.6354232402911014,10_sp_aij_3,2369231,0.1,10,12872,21,15,even
67,14.84848484848485,0.8808978173080311,0.6388532432790053,0.0416414097581102,1.6611571903319535,0.1225447600248652,0.5042102955923343,0.6166010444899724,0.0646703481152328,0.0831236104807532,0.6625272392225244,10_sp_aij_3,2369231,0.1,10,12872,21,15,even
68,16.96969696969697,0.5638946835053856,0.640927407715321,0.0249321396708015,1.3941113149630548,0.166809136407507,0.49723518744245,0.5070499611145306,0.0663533588112714,0.074238321581988,0.5602428336734528,10_sp_aij_3,2369231,0.1,10,12872,21,15,even
69,19.09090909090909,0.9878605488598452,1.0366949222850588,0.0231928158357116,1.6764520542679198,0.1800289641439867,0.4751800502250615,0.5829910799454487,0.0397060696742314,0.0449915482566719,0.7298398263403092,10_sp_aij_3,2369231,0.1,10,12872,21,15,even
70,21.21212121212121,0.6995007394158188,1.0091353167585284,0.0251934541233682,1.518644293626085,0.1265018587650879,0.4247138951341493,0.644352396005344,0.0436758158792587,0.0781244598578893,0.7475088544253305,10_sp_aij_3,2369231,0.1,10,12872,21,15,even
71,23.333333333333336,0.9574025719821634,0.9803824102213988,0.0288212150043684,1.4728966475365213,0.2205714677001556,0.4795401806077653,0.5954140219774083,0.060980639791248,0.1949207985306547,0.5993236484219159,10_sp_aij_3,2369231,0.1,10,12872,21,15,even
72,25.454545454545457,0.7664112436429975,0.8131510672529659,0.0200204037000966,1.1330012871983055,0.212333663494567,0.3781783223457863,0.4891100476319148,0.0619484928407347,0.134786189903928,0.6684984603409672,10_sp_aij_3,2369231,0.1,10,12872,21,15,even
73,27.575757575757574,0.729223498467889,0.7674857141820546,0.0221521223729828,1.3612658598247689,0.1949030127622528,0.3556399524890299,0.6237062943076706,0.0523584577437534,0.1286021458276744,0.7743230368431085,10_sp_aij_3,2369231,0.1,10,12872,21,15,even
74,30.0,0.9541124344691356,0.6090595912567038,0.0238595144813613,1.6959650475751993,0.2088622087451192,0.4270256841214523,0.6642276853093784,0.0430409953340739,0.0900390347454143,0.8753610405083826,10_sp_aij_3,2369231,0.1,10,12872,21,15,even
75,0.0,0.06,0.03,0.06,0.01,0.05,0.04,0.06,0.01,0.04,0.09,10_sp_aij_3,2753893,0.1,10,12872,21,15,even
76,2.121212121212121,0.1510262722820061,0.1654291821918767,0.1260618907387689,0.0720029219959788,0.207819833363534,0.1486026208180388,0.0514894529915973,0.0080232085017526,0.0286968481045068,0.0938965617304337,10_sp_aij_3,2753893,0.1,10,12872,21,15,even
77,4.242424242424242,0.3165292466129873,0.4702899221106689,0.105468976848558,0.494853760019288,0.2229809852716208,0.2652840855109312,0.1824218929964939,0.0089409082844068,0.009245139206735,0.1633966070101818,10_sp_aij_3,2753893,0.1,10,12872,21,15,even
78,6.363636363636364,0.4802984355730357,0.6408368734170838,0.1006488209016808,1.0706322338232368,0.2858035638922526,0.3059694537991005,0.3301683840928649,0.0132659155284602,0.0107617233512059,0.3971706244176856,10_sp_aij_3,2753893,0.1,10,12872,21,15,even
79,8.484848484848484,0.6790537174542464,0.7315581275923615,0.0822100721505488,1.4837127748143026,0.2219020779968148,0.3112291021895926,0.5840320964554837,0.0190241506249625,0.022238482171502,0.520022903881353,10_sp_aij_3,2753893,0.1,10,12872,21,15,even
80,10.606060606060606,0.726079792522688,0.7480971679839126,0.0980067609462108,1.483074558429854,0.1774516181397148,0.4035844404081686,0.4425894065006152,0.0537450116681477,0.0480237852548587,0.6084806593644339,10_sp_aij_3,2753893,0.1,10,12872,21,15,even
81,12.727272727272728,0.7541090989532473,0.7623603188978229,0.0717857376998315,1.3578009888004658,0.2403934067554742,0.3849981554175633,0.4135675558453241,0.0561192622705132,0.0864856612296223,0.5787151315391516,10_sp_aij_3,2753893,0.1,10,12872,21,15,even
82,14.84848484848485,0.830202866617013,0.8967315711951597,0.0709142055771155,1.3448298694900904,0.2393798746482509,0.33940621863485,0.6462196721869052,0.0424516887066207,0.0662346451420047,0.5896091835969216,10_sp_aij_3,2753893,0.1,10,12872,21,15,even
83,16.96969696969697,0.8057254016703354,0.8866272164915556,0.0455579059326729,1.6496252446238326,0.2245084540160463,0.34297989454626,0.6055971117481098,0.0221873367177477,0.1494512732253566,0.5755306656966563,10_sp_aij_3,2753893,0.1,10,12872,21,15,even
84,19.09090909090909,0.7221954455784554,0.8499487655226403,0.0722609081636131,1.780006622610398,0.2249667737599568,0.4315230482442806,0.5549627210132646,0.0214476930372278,0.1668207286453012,0.69626098159768,10_sp_aij_3,2753893,0.1,10,12872,21,15,even
85,21.21212121212121,0.6508618697333481,0.734458168813319,0.0722731250159999,1.4922024598215458,0.2180205892207024,0.5050634157637534,0.543260600385741,0.0282719190928886,0.1656080279493913,0.5029390759323256,10_sp_aij_3,2753893,0.1,10,12872,21,15,even
86,23.333333333333336,0.7030182256140225,0.6479082810192112,0.061395466236011,1.5196482395683335,0.1976284693023803,0.3358015717600512,0.5909393185406592,0.0343889498059029,0.1660879562680932,0.5615541429836868,10_sp_aij_3,2753893,0.1,10,12872,21,15,even
87,25.454545454545457,0.6981820853097617,0.7348685022081738,0.0832864635673551,1.2941748011306884,0.2278731857926206,0.405841112036468,0.5912611946782815,0.035570274609625,0.1830726211149732,0.6611557480623883,10_sp_aij_3,2753893,0.1,10,12872,21,15,even
88,27.575757575757574,0.689239641538113,0.810686486083874,0.0335091061379396,1.3837364914732952,0.250257246014045,0.3870413816639287,0.37468707693545,0.0336453078039514,0.1178462154743389,0.5285060919870372,10_sp_aij_3,2753893,0.1,10,12872,21,15,even
89,30.0,0.6786276247243449,0.6692224040912796,0.0373014778939538,1.515598452223912,0.2019437779814402,0.395134122498093,0.4906904746313555,0.0311867436113521,0.1371185621029373,0.6915440660745269,10_sp_aij_3,2753893,0.1,10,12872,21,15,even
90,0.0,0.08,0.06,0.05,0.06,0.02,0.01,0.09,0.06,0.05,0.07,10_sp_aij_3,2905119,0.1,10,12872,21,15,even
91,2.121212121212121,0.1654764044394058,0.1766678380112733,0.045015022569053,0.2680569341278747,0.0660751940503071,0.0839017791723076,0.0951269660534682,0.079422401627201,0.0443147238811813,0.1835830097661229,10_sp_aij_3,2905119,0.1,10,12872,21,15,even
92,4.242424242424242,0.3268131573828804,0.495821563469748,0.0489303029851374,0.6406366166100835,0.21066184843668,0.2576234464243235,0.142960549764714,0.0767986215517223,0.0263293517777719,0.2366822523762782,10_sp_aij_3,2905119,0.1,10,12872,21,15,even
93,6.363636363636364,0.6854282949499707,0.6880142534936567,0.0394155024500966,1.212236111760483,0.2336085107435907,0.3282742108296487,0.4387593237342159,0.0490271959435369,0.0246430833532414,0.3616881258853985,10_sp_aij_3,2905119,0.1,10,12872,21,15,even
94,8.484848484848484,0.8188006942119698,0.869465955376934,0.056944729593435,1.5990364934924308,0.167051401401287,0.4442601740633062,0.5734750520318995,0.0688838167112979,0.0630429633213291,0.6364475098762983,10_sp_aij_3,2905119,0.1,10,12872,21,15,even
95,10.606060606060606,0.6446078552524994,0.7376181314683805,0.0385858940701436,1.4692149733244706,0.2106685415424531,0.4640084544959947,0.5073770040076865,0.0635899366482044,0.0754448744848197,0.6595896100937223,10_sp_aij_3,2905119,0.1,10,12872,21,15,even
96,12.727272727272728,0.7971076151457533,0.8878432388663561,0.0383509849307605,1.6045221475296512,0.2380653126804984,0.5466411358423098,0.6931150217740879,0.0665080829844601,0.1092624492635649,0.623359604209956,10_sp_aij_3,2905119,0.1,10,12872,21,15,even
97,14.84848484848485,0.8461813218517524,0.8411991769782698,0.0377444855197214,1.7023158414177386,0.1829193350113419,0.5452391062330681,0.7662434078735346,0.0726040443161358,0.1351745569071553,0.6763414063679735,10_sp_aij_3,2905119,0.1,10,12872,21,15,even
98,16.96969696969697,0.5853077515096516,0.8126667634195504,0.0210757170451514,1.3655892342105318,0.1365525139819802,0.3728923881864791,0.6654043187566998,0.1092933212205284,0.190148925588322,0.6728538476712516,10_sp_aij_3,2905119,0.1,10,12872,21,15,even
99,19.09090909090909,0.6357183589184227,0.6564660615997272,0.0147397156689393,1.21004232460164,0.12465976386398,0.4483741390352698,0.5666200033739637,0.1163057664323694,0.1907691757450234,0.5017099551513173,10_sp_aij_3,2905119,0.1,10,12872,21,15,even
100,21.21212121212121,0.7195882809570369,0.824103516702055,0.0110752967689189,1.2261790471753184,0.2103352844449381,0.4800645545203724,0.5417392296938455,0.0774102723172139,0.0909492355213931,0.5265594209573026,10_sp_aij_3,2905119,0.1,10,12872,21,15,even
101,23.333333333333336,0.6536295511768561,0.7910284896698692,0.0119830438526292,1.6429900513134328,0.1991949559648755,0.3779927047546659,0.4941683150858232,0.0661222560217793,0.0980508855265665,0.5669516637775293,10_sp_aij_3,2905119,0.1,10,12872,21,15,even
102,25.454545454545457,0.7364531145959096,0.6961509140881187,0.0178324010371575,1.3911588022253123,0.2575095864310872,0.4419339524362053,0.50799229682415,0.0775495779417291,0.0910193110017481,0.5030016047859339,10_sp_aij_3,2905119,0.1,10,12872,21,15,even
103,27.575757575757574,0.8494489153161286,0.9467759981964644,0.028696099294584,1.6253753776279238,0.2146767747444275,0.4833104576432137,0.6687660106041395,0.0807961806919045,0.1126930059464259,0.5693000999738563,10_sp_aij_3,2905119,0.1,10,12872,21,15,even
104,30.0,0.8403494824849304,1.0022375340048109,0.0344870483100206,1.7064374553697317,0.2763754156629142,0.4111769680939962,0.5060130219522914,0.0834504370840154,0.1701271856166318,0.8539667251271216,10_sp_aij_3,2905119,0.1,10,12872,21,15,even
105,0.0,0.04,0.03,0.05,0.08,0.06,0.05,0.03,0.07,0.09,0.09,10_sp_aij_3,3049039,0.1,10,12872,21,15,even
106,2.121212121212121,0.1581615650088603,0.135540216956198,0.0367659131620211,0.2677022842030892,0.2564771621531066,0.2007176560423968,0.041878171556212,0.0574739683280461,0.026530046801703,0.1932411823747853,10_sp_aij_3,3049039,0.1,10,12872,21,15,even
107,4.242424242424242,0.5549204309536726,0.4079565371280402,0.0385306904168773,0.8113493998230027,0.2796282777082184,0.2288530966007769,0.1238624235254555,0.0468531980996907,0.0130958511302165,0.253646913768354,10_sp_aij_3,3049039,0.1,10,12872,21,15,even
108,6.363636363636364,0.7811021190778136,0.9421226377304288,0.061246305579774,1.203409994625818,0.3017661340404329,0.3687784284084117,0.4195673517299785,0.0516069128687248,0.0140659411761088,0.4216025871645893,10_sp_aij_3,3049039,0.1,10,12872,21,15,even
109,8.484848484848484,1.017844853511144,1.0005867422871924,0.0647798470558292,1.9237036641179417,0.1789615650614761,0.4435693937315824,0.6764389136380624,0.0576636930595611,0.0273797731332416,0.902256290349652,10_sp_aij_3,3049039,0.1,10,12872,21,15,even
110,10.606060606060606,0.6457558945551838,0.9558437370532384,0.0650842277625077,1.6884370485278029,0.1821847216974905,0.4513827704584359,0.6877770412882426,0.0743178399471978,0.0810015943681743,0.8269322781747735,10_sp_aij_3,3049039,0.1,10,12872,21,15,even
111,12.727272727272728,0.7419443638101321,0.8082528115838629,0.0550592868780734,1.666637621378473,0.1701839746020962,0.4917704103776775,0.4945674541246553,0.093809710571564,0.1355146709076125,0.513163734616618,10_sp_aij_3,3049039,0.1,10,12872,21,15,even
112,14.84848484848485,0.7689501269931087,0.9134122162038336,0.0418961321301005,1.553646736611402,0.235684399122218,0.4069664186684293,0.5303395564505148,0.0567889385242813,0.1086874323165345,0.6128010881528054,10_sp_aij_3,3049039,0.1,10,12872,21,15,even
113,16.96969696969697,0.7859053534938066,0.9117881477553528,0.0462191734275207,1.6196744799403129,0.1404766192817651,0.4363249662125393,0.5950621473007321,0.0521552498747494,0.0905320769531212,0.7410728065064095,10_sp_aij_3,3049039,0.1,10,12872,21,15,even
114,19.09090909090909,0.8129408811715296,0.9596880822812942,0.0465350295017791,1.4933334634340036,0.1949744477253885,0.5071709816197362,0.60029524674767,0.0509784909078878,0.1529440908647254,0.7283184059195935,10_sp_aij_3,3049039,0.1,10,12872,21,15,even
115,21.21212121212121,0.9188467531866704,0.7990169883575573,0.0344819238496736,1.7182743076764526,0.2420552607415432,0.4309914306611137,0.5815869416922212,0.0687679014066288,0.092139433855738,0.6232814831036565,10_sp_aij_3,3049039,0.1,10,12872,21,15,even
116,23.333333333333336,0.9304721675196136,0.8660697499865909,0.0397569658576601,1.7825454136618473,0.1823431876454377,0.4215033848999614,0.749836672085321,0.0617158339664685,0.1190804586113712,0.6851367579758622,10_sp_aij_3,3049039,0.1,10,12872,21,15,even
117,25.454545454545457,0.8952994206522702,0.9618298826571224,0.033347553283091,1.743064833897046,0.2013442861021814,0.5698565106268043,0.77590778089696,0.042058723805333,0.1069686207405562,0.6273468627426042,10_sp_aij_3,3049039,0.1,10,12872,21,15,even
118,27.575757575757574,0.991548811227756,0.9472737317866584,0.0485543226925701,1.6783394828723643,0.180532915948568,0.4368831143156608,0.6031640318056596,0.051125435413908,0.1113358829382778,0.5442297488417517,10_sp_aij_3,3049039,0.1,10,12872,21,15,even
119,30.0,0.7079163777317177,0.7482406117076756,0.0432090917152265,1.4662705582373412,0.2097927909074865,0.3759956571076912,0.7391267196147,0.0598400786716182,0.1393972811402581,0.4815356522547718,10_sp_aij_3,3049039,0.1,10,12872,21,15,even
120,0.0,0.04,0.06,0.03,0.03,0.08,0.08,0.01,0.01,0.09,0.03,10_sp_aij_3,4211685,0.1,10,12872,21,15,even
121,2.121212121212121,0.1256316384979237,0.2218780839983593,0.0276654450413484,0.1382677069808192,0.1753612454054387,0.1513359667318755,0.0198741576590651,0.0125160215641916,0.0382931022931351,0.0552262110237384,10_sp_aij_3,4211685,0.1,10,12872,21,15,even
122,4.242424242424242,0.5087534530857799,0.430814614423825,0.0295641081540832,0.7843404919952104,0.2375523390451102,0.2125221908483868,0.0786680654627151,0.013285698902113,0.0165614672520057,0.1241046813879668,10_sp_aij_3,4211685,0.1,10,12872,21,15,even
123,6.363636363636364,0.7410911526319368,0.7578906119312356,0.0390082261390334,1.1622466087890175,0.3115025516904594,0.2792886408566513,0.3547885201157337,0.040250028710397,0.0210565457796767,0.3710648132597213,10_sp_aij_3,4211685,0.1,10,12872,21,15,even
124,8.484848484848484,0.9419540194374246,0.8271905089324798,0.0500121460572109,1.276280035398359,0.2201781036171005,0.3922446624061449,0.5171873921197766,0.0314613293052693,0.0460871066253002,0.5814091954300742,10_sp_aij_3,4211685,0.1,10,12872,21,15,even
125,10.606060606060606,0.8617295703039103,0.7949718997404541,0.0562220304525296,1.5769597581517858,0.1997658916366907,0.4405296675990349,0.4978794859567671,0.0436277844179066,0.0922209807088599,0.7600591242030706,10_sp_aij_3,4211685,0.1,10,12872,21,15,even
126,12.727272727272728,1.078698991385156,0.812238502148487,0.0675972857004187,1.560202789638575,0.259203991498931,0.4370529609795512,0.4798935480940677,0.0405761797306326,0.1153874955631254,0.772806889681473,10_sp_aij_3,4211685,0.1,10,12872,21,15,even
127,14.84848484848485,0.6591145538401919,0.8358300461379837,0.0752650964711273,1.791122947403285,0.2558466719548051,0.3813072706224946,0.5806756945171347,0.0299201846159872,0.1495205668362664,0.6718521303566627,10_sp_aij_3,4211685,0.1,10,12872,21,15,even
128,16.96969696969697,0.6993195609740193,0.6963947645059303,0.0988195634007704,1.451703401474956,0.2307522547760884,0.4412024062185667,0.7022248449385664,0.0450543571384144,0.1315057051857573,0.6886543861992983,10_sp_aij_3,4211685,0.1,10,12872,21,15,even
129,19.09090909090909,0.7473840842019983,0.8048923477002817,0.0998245913506779,1.4044092314965984,0.2482444002181363,0.3623738711792703,0.5809808133618511,0.0451441731936879,0.1619284376574362,0.6567845927344158,10_sp_aij_3,4211685,0.1,10,12872,21,15,even
130,21.21212121212121,0.6969894989952046,0.6445963655170082,0.0826962087096274,1.2371215743682942,0.229316183074653,0.5077868251868277,0.5530380325887044,0.0538063957374407,0.1213478569440663,0.555396941392606,10_sp_aij_3,4211685,0.1,10,12872,21,15,even
131,23.333333333333336,0.7459897635206684,0.7584770944425948,0.0492029872426496,1.707924753038038,0.2229190940797085,0.4411833738654197,0.515426764867786,0.0534843018642894,0.1066824345589419,0.5839817437069131,10_sp_aij_3,4211685,0.1,10,12872,21,15,even
132,25.454545454545457,0.6986505310470381,0.816929673656406,0.0395514605295725,1.6002211730480442,0.2252879982520853,0.4961726032217414,0.6036117629516924,0.038693131207429,0.1810499857196369,0.7765231457649041,10_sp_aij_3,4211685,0.1,10,12872,21,15,even
133,27.575757575757574,0.6411855608708135,0.9641411959461992,0.0295586780372501,1.4726886605974054,0.1465200955427699,0.4647279838695122,0.6469558241127755,0.0433631464694806,0.1353917005142818,0.8292921988252104,10_sp_aij_3,4211685,0.1,10,12872,21,15,even
134,30.0,0.7539868637514728,0.9389176789963104,0.0156178439742029,1.3499438473236354,0.1570845050382925,0.473679431949191,0.6230727955771987,0.064899859115579,0.1845100675935614,0.5146981187721099,10_sp_aij_3,4211685,0.1,10,12872,21,15,even
135,0.0,0.08,0.01,0.05,0.03,0.08,0.01,0.01,0.02,0.01,0.02,10_sp_aij_3,4240255,0.1,10,12872,21,15,even
136,2.121212121212121,0.152151670872062,0.0577410354658831,0.0917026636409997,0.099813251290213,0.2936054583871623,0.0814079297870339,0.0125453169937195,0.0185117915402828,0.0044962676016845,0.1043109746036653,10_sp_aij_3,4240255,0.1,10,12872,21,15,even
137,4.242424242424242,0.2852173666402024,0.3630678734502727,0.1016929936928314,0.4351659453497429,0.3879050875974292,0.1709810900425679,0.0429451683231697,0.0165598200562588,0.0,0.191952229027306,10_sp_aij_3,4240255,0.1,10,12872,21,15,even
138,6.363636363636364,0.6677734546891315,0.6601969447675633,0.1456038575557713,1.234325925687324,0.2917119962496771,0.2738956733230259,0.2562469520709404,0.0150341984417874,0.0,0.3653073042010455,10_sp_aij_3,4240255,0.1,10,12872,21,15,even
139,8.484848484848484,0.7944687507591623,0.8980005503814938,0.0920669357658874,1.6843405213440898,0.1998525601177261,0.3424158328552161,0.5294719680302805,0.021117174532755,0.0,0.7078201557761262,10_sp_aij_3,4240255,0.1,10,12872,21,15,even
140,10.606060606060606,0.862446471382122,0.8001753077674193,0.0695594147952595,1.7751236737142109,0.1703803760767853,0.5164197690791519,0.6516593441659531,0.0231419504678315,0.0,0.6689023649020596,10_sp_aij_3,4240255,0.1,10,12872,21,15,even
141,12.727272727272728,0.7148057910153294,0.7814866706971602,0.0990107688517689,1.2389021402346152,0.1660792563656755,0.4027207242615465,0.5920706736237689,0.046398555325151,0.0,0.5811192123056312,10_sp_aij_3,4240255,0.1,10,12872,21,15,even
142,14.84848484848485,0.8721624417558063,0.8638192842759638,0.047393372167852,1.34100037762643,0.1371103405245057,0.3844363420607967,0.6633719100174436,0.0569046915978491,0.0,0.5377129946393346,10_sp_aij_3,4240255,0.1,10,12872,21,15,even
143,16.96969696969697,1.0532342348974548,0.8195514763776893,0.0366679137274794,1.5927065539567835,0.1172995655842174,0.4094951275848417,0.7080083948678427,0.0435902419880354,0.0,0.9094657774067922,10_sp_aij_3,4240255,0.1,10,12872,21,15,even
144,19.09090909090909,0.9937013556884098,0.8876652213858758,0.0218103146247257,1.4425094225281434,0.1308695196146015,0.5000146708838897,0.7195438333141764,0.0574587167305206,0.0,0.5760785397243273,10_sp_aij_3,4240255,0.1,10,12872,21,15,even
145,21.21212121212121,0.8894026069027414,0.7640184817639154,0.0241475938305582,1.834892272050028,0.2030924346196118,0.5179611330035803,0.6600184859699543,0.042196505534306,0.0,0.7119235391249168,10_sp_aij_3,4240255,0.1,10,12872,21,15,even
146,23.333333333333336,0.7517530246134835,0.9628169370545944,0.0270662139979518,1.7811705496629482,0.1612194572005551,0.4424153016534694,0.6498317473921343,0.0447669525856278,0.0,0.5853595267837366,10_sp_aij_3,4240255,0.1,10,12872,21,15,even
147,25.454545454545457,0.9462365332636302,0.8845956940708863,0.0303668326353838,1.2702325700631267,0.1293148118925038,0.4717038510153933,0.6848320560153628,0.0386890392421782,0.0,0.6346445123388332,10_sp_aij_3,4240255,0.1,10,12872,21,15,even
148,27.575757575757574,0.9997701572313368,1.0028102200536098,0.0196990926382611,1.5325402654891769,0.1229461705631689,0.4278784957934496,0.714778874706737,0.0275364583664549,0.0,0.8375992114790205,10_sp_aij_3,4240255,0.1,10,12872,21,15,even
149,30.0,0.8366785783967702,1.1297467023566574,0.0177589362884679,1.863078671907156,0.1250349788167389,0.4413275107160783,0.6128720300331876,0.0450359651786927,0.0,0.8818181068751613,10_sp_aij_3,4240255,0.1,10,12872,21,15,even
150,0.0,0.04,0.08,0.09,0.06,0.06,0.06,0.08,0.03,0.02,0.09,10_sp_aij_3,5140131,0.1,10,12872,21,15,even
151,2.121212121212121,0.1613113299906444,0.2448361529533469,0.1198575412744964,0.3189200345356415,0.131740295182289,0.1816094799712321,0.1478581161412085,0.0298145342329687,0.0109909217450374,0.1591121802888496,10_sp_aij_3,5140131,0.1,10,12872,21,15,even
152,4.242424242424242,0.4307829791268185,0.4208123353816766,0.0781567983596836,0.8092421688764572,0.2914650942836241,0.2687640338356365,0.270027955084202,0.046902681026492,0.009176456707652,0.2908218640211689,10_sp_aij_3,5140131,0.1,10,12872,21,15,even
153,6.363636363636364,0.6264316058060435,0.5488915863042192,0.1215331158143025,1.0820117444207529,0.2127788957955498,0.3848149213000935,0.4336704445198751,0.0396203756531713,0.0083377240435577,0.426612389034481,10_sp_aij_3,5140131,0.1,10,12872,21,15,even
154,8.484848484848484,0.8093846795553603,0.9484500912782996,0.0770838239287891,1.5647660619962167,0.2190182253627504,0.4205486972187953,0.6672858971315806,0.0347988201450652,0.0160473694195767,0.5641681277140562,10_sp_aij_3,5140131,0.1,10,12872,21,15,even
155,10.606060606060606,0.9182786847670364,1.0332385459315254,0.0566626320526724,1.6777777999003052,0.1434574923550951,0.390873933222483,0.734085184173608,0.0583218898427927,0.0533814431199314,0.93229393668527,10_sp_aij_3,5140131,0.1,10,12872,21,15,even
156,12.727272727272728,0.8997951905397717,0.9280390024040602,0.0562131963006641,1.8576586505472032,0.1377021281840173,0.5450493073905401,0.650959359812119,0.0855525736569383,0.1300709789936645,0.7611620012343099,10_sp_aij_3,5140131,0.1,10,12872,21,15,even
157,14.84848484848485,0.7338088337048145,0.7550756068178394,0.0434565279566069,1.510382799598494,0.2296073400027317,0.4505742319447803,0.5583205136776557,0.067379542264667,0.1141961382662695,0.4639283394490969,10_sp_aij_3,5140131,0.1,10,12872,21,15,even
158,16.96969696969697,0.9367605699692746,0.7997001669511431,0.0508394175576625,1.7222776490159828,0.196584704205777,0.4957576813161573,0.6592885480699081,0.0797798147933437,0.0779120241681984,0.7914613222503482,10_sp_aij_3,5140131,0.1,10,12872,21,15,even
159,19.09090909090909,0.862747943703134,0.9875055893989044,0.0465491405336619,1.642025109390423,0.1903756487536145,0.4981848701921934,0.54642946711311,0.0660249836381701,0.14137016725182,0.5528952027039015,10_sp_aij_3,5140131,0.1,10,12872,21,15,even
160,21.21212121212121,0.7665520889126597,0.6800374387791055,0.0369191994725313,1.3356207088632628,0.1653339131890302,0.4563808201003255,0.6027930517216726,0.0924818783532594,0.1287872775395903,0.6281262808649356,10_sp_aij_3,5140131,0.1,10,12872,21,15,even
161,23.333333333333336,0.7312965226313758,0.6834022713454689,0.0291295306785443,1.359782970800412,0.264908205236931,0.5060854685174905,0.5958773906639605,0.0876425288759054,0.1547262933882797,0.5795319141739842,10_sp_aij_3,5140131,0.1,10,12872,21,15,even
162,25.454545454545457,0.8080681172416161,0.7064891909949088,0.0333690293765148,1.7197681071193998,0.1637584200743851,0.4874964555033889,0.7728598309256469,0.0799309164978753,0.0949903093199264,0.8019119565296744,10_sp_aij_3,5140131,0.1,10,12872,21,15,even
163,27.575757575757574,0.7811752393176498,0.7036050671996475,0.031364571346741,1.3270377731218883,0.2592074200028519,0.5567585845662535,0.4919812110066792,0.0833761849592658,0.1267265657768639,0.7029030746148026,10_sp_aij_3,5140131,0.1,10,12872,21,15,even
164,30.0,1.1781102069020342,1.0327544856212347,0.0213986057740656,1.6941634231424132,0.1991261858743453,0.4187834660288512,0.739529056917027,0.064011120318169,0.0890068198774916,0.7491494494254443,10_sp_aij_3,5140131,0.1,10,12872,21,15,even
165,0.0,0.04,0.07,0.02,0.04,0.03,0.03,0.07,0.06,0.01,0.03,10_sp_aij_3,5576645,0.1,10,12872,21,15,even
166,2.121212121212121,0.1211788530530848,0.1970314326345273,0.0277008414850325,0.2221945920335312,0.1082765049815691,0.1139275484955997,0.1125253825986772,0.0835049853670567,0.0046394076042268,0.1142041686123838,10_sp_aij_3,5576645,0.1,10,12872,21,15,even
167,4.242424242424242,0.3990403900926018,0.456283186562308,0.0271926333811592,0.637918463838035,0.1673552290592272,0.2383427566356741,0.2051280007086328,0.0443006971120572,0.0028819559253386,0.2439474204836135,10_sp_aij_3,5576645,0.1,10,12872,21,15,even
168,6.363636363636364,0.6161142555208476,0.6609980533645833,0.0378058283045891,1.2358502847840749,0.2027048478452394,0.3552843511695893,0.4370201238460103,0.0289068142593643,0.0,0.4935707765823213,10_sp_aij_3,5576645,0.1,10,12872,21,15,even
169,8.484848484848484,0.8222073070617302,0.9343660565533592,0.0553809331537966,1.4648894136087636,0.1757632812666898,0.4081410739438305,0.7563890616465482,0.0293194087089004,0.0,0.7674003899207332,10_sp_aij_3,5576645,0.1,10,12872,21,15,even
170,10.606060606060606,0.8984919385802174,1.0265723075686977,0.0574633505226094,1.5046151799925058,0.1365677057332639,0.4404785579055461,0.7253412002537307,0.0512132116616908,0.0,0.9559534426091908,10_sp_aij_3,5576645,0.1,10,12872,21,15,even
171,12.727272727272728,0.9853343959313076,0.9043449574473588,0.049111987547003,1.6729745303728154,0.108023229102821,0.3952478084334734,0.6668350623102853,0.0561939273375038,0.0,0.6192879284952695,10_sp_aij_3,5576645,0.1,10,12872,21,15,even
172,14.84848484848485,0.8258907058889213,0.866219133010105,0.0512903733779333,1.7467572644525442,0.0837694124038694,0.4891910707591742,0.7931626279069391,0.0476202325639888,0.0,0.6796628978874408,10_sp_aij_3,5576645,0.1,10,12872,21,15,even
173,16.96969696969697,0.947172275489311,0.9948899332112604,0.0445253112178622,1.7781327649507783,0.1061971378285084,0.5396002304276574,0.6514294981062928,0.0411351262560827,0.0,0.8123876460315268,10_sp_aij_3,5576645,0.1,10,12872,21,15,even
174,19.09090909090909,0.7527871555834924,0.9421459573912194,0.0227485642799682,1.6624577552123525,0.1436549079257114,0.4990639582570502,0.5288160063962202,0.0346494851423522,0.0,0.7320105037023683,10_sp_aij_3,5576645,0.1,10,12872,21,15,even
175,21.21212121212121,0.9665609164513884,0.915477719922489,0.017864457570583,1.70366981151517,0.0909387576581044,0.4590823900042468,0.5486993942207502,0.0596800478895973,0.0,0.6250752674130053,10_sp_aij_3,5576645,0.1,10,12872,21,15,even
176,23.333333333333336,0.869235297637532,0.9862914753166572,0.0260873315377245,1.667334322405144,0.1656737096440804,0.5237055015432434,0.6762973762093023,0.0436153751367203,0.0,0.6350866777838879,10_sp_aij_3,5576645,0.1,10,12872,21,15,even
177,25.454545454545457,0.8919193115813279,0.7744167275375073,0.0288458063840693,1.416758458159721,0.1324842347755294,0.4036711085420914,0.6672094449244756,0.053351296119082,0.0,0.6451811619140588,10_sp_aij_3,5576645,0.1,10,12872,21,15,even
178,27.575757575757574,0.9893720421475274,0.9536775078895476,0.0227866965545701,1.6947978579770606,0.1336505630991895,0.4457116226818658,0.7182862231673671,0.0676934950268632,0.0,0.5362313835623018,10_sp_aij_3,5576645,0.1,10,12872,21,15,even
179,30.0,0.917671708729541,1.1012337366671097,0.0201198383463238,1.498750208139867,0.1094907437736393,0.4173514607245606,0.6351316059086489,0.0510459925552187,0.0,0.5957576496496976,10_sp_aij_3,5576645,0.1,10,12872,21,15,even
180,0.0,0.04,0.03,0.01,0.02,0.09,0.04,0.09,0.09,0.05,0.03,10_sp_aij_3,5589942,0.1,10,12872,21,15,even
181,2.121212121212121,0.114981391372186,0.1220991516129139,0.0186086639797954,0.1090589006272413,0.2004081798272187,0.1263978157774001,0.0662942913282624,0.0736423989664244,0.0248883501216775,0.098188903047678,10_sp_aij_3,5589942,0.1,10,12872,21,15,even
182,4.242424242424242,0.515133110233726,0.5883309144502659,0.0193068557887308,0.6971347430503072,0.2293260162799061,0.305460391629251,0.267003351798829,0.0459428659536299,0.0075328479095224,0.1869714008656856,10_sp_aij_3,5589942,0.1,10,12872,21,15,even
183,6.363636363636364,0.5076003807578287,0.6234806653178392,0.0248493449778331,1.1415287294983951,0.1470794526856778,0.3354842686590594,0.5473701438475316,0.0474191126115674,0.0075293905334864,0.4557672621536001,10_sp_aij_3,5589942,0.1,10,12872,21,15,even
184,8.484848484848484,0.8826199440632339,0.9325712573723332,0.0241430657917687,1.428787990670393,0.1464829039465096,0.3578719409295011,0.5341003703695694,0.0634848496473137,0.0123865558681012,0.4759245182586324,10_sp_aij_3,5589942,0.1,10,12872,21,15,even
185,10.606060606060606,0.8876902908316591,0.8254905350118642,0.0334026628921044,1.7045495065677188,0.1535318248051661,0.48319161258931,0.5989457583058089,0.0520708876070284,0.0406116527076124,0.492494477766217,10_sp_aij_3,5589942,0.1,10,12872,21,15,even
186,12.727272727272728,0.7823672818863718,0.8651640105228303,0.0338097288530249,1.469188821969084,0.1529505196272247,0.3969015179978738,0.666546933153807,0.0765973378511168,0.0579580364250845,0.6726307064686512,10_sp_aij_3,5589942,0.1,10,12872,21,15,even
187,14.84848484848485,0.8020435651732496,0.8503275507150507,0.0261670421996827,1.536441184725612,0.2107942995329767,0.4601645569586589,0.6108344769040722,0.0928324159613278,0.1067111136978214,0.5826482033107319,10_sp_aij_3,5589942,0.1,10,12872,21,15,even
188,16.96969696969697,0.7827263061655095,0.6881664486016184,0.0396168864330399,1.3124868350702013,0.1945042392354387,0.5475686482872024,0.6601829772120595,0.0504455161276463,0.1572500617846853,0.7137898435868846,10_sp_aij_3,5589942,0.1,10,12872,21,15,even
189,19.09090909090909,0.966372104504411,0.8964629086017328,0.0351026929730181,1.7450831258655877,0.1788298941900728,0.4532054033340605,0.8121047144913354,0.0490745547341085,0.1772958133433558,0.7390347556396629,10_sp_aij_3,5589942,0.1,10,12872,21,15,even
190,21.21212121212121,1.0132910309218517,0.967966561622389,0.0319388590241046,1.701198954099744,0.2092160192253868,0.4650936166393435,0.5851103098409716,0.0421663733276859,0.1330606579741665,0.5850653283882719,10_sp_aij_3,5589942,0.1,10,12872,21,15,even
191,23.333333333333336,0.8095489025118962,0.9327669232365328,0.0418143122453675,1.6274454712087132,0.1969251604173433,0.5152243003647571,0.6407885161859079,0.0466843614330866,0.1405545458950654,0.6272844276689805,10_sp_aij_3,5589942,0.1,10,12872,21,15,even
192,25.454545454545457,0.90692208332263,0.967805033006455,0.0402553390006894,1.720531425947893,0.2020876551193816,0.4334743032790867,0.709643700496475,0.056931600447651,0.1363977262077374,0.6360401860826256,10_sp_aij_3,5589942,0.1,10,12872,21,15,even
193,27.575757575757574,0.8328175798502477,0.8998834826344644,0.0329535017166101,1.7307415950354574,0.221452319031134,0.4838345940061517,0.5563092816784934,0.0640901135044936,0.2035069292904167,0.6496325241329143,10_sp_aij_3,5589942,0.1,10,12872,21,15,even
194,30.0,0.8707712954596262,0.8376157463155358,0.0250127205834482,1.518186149072938,0.1954935379058756,0.404720663804021,0.56194176445352,0.084948306531904,0.1392386232642024,0.7307704521060481,10_sp_aij_3,5589942,0.1,10,12872,21,15,even
195,0.0,0.09,0.04,0.07,0.05,0.06,0.03,0.03,0.06,0.06,0.05,10_sp_aij_3,8493390,0.1,10,12872,21,15,even
196,2.121212121212121,0.1525609441569715,0.162153962514613,0.0639157525332151,0.2080151834658848,0.2353580516314181,0.2049047990658342,0.0492753086717677,0.0777656867634988,0.0327572517332837,0.1253817852724159,10_sp_aij_3,8493390,0.1,10,12872,21,15,even
197,4.242424242424242,0.5720435231087964,0.5425867734778731,0.0702632665291469,0.9534201894583704,0.321212374699965,0.3088296634629365,0.1899350208814459,0.0553568597733066,0.0114119093344052,0.2726432682473523,10_sp_aij_3,8493390,0.1,10,12872,21,15,even
198,6.363636363636364,0.8249711629867943,0.8205859926584719,0.0701045569325917,1.5266931104073442,0.1613727410704402,0.4056000561016354,0.6408394766995078,0.0492436382687619,0.00967967855966,0.5934933088884518,10_sp_aij_3,8493390,0.1,10,12872,21,15,even
199,8.484848484848484,0.9384103271958018,0.9081965745341752,0.0653053560946628,1.6451657238325454,0.1428120499714311,0.3487929483205008,0.555984010918051,0.0459996129277155,0.0385613010234354,0.8007552046795691,10_sp_aij_3,8493390,0.1,10,12872,21,15,even
200,10.606060606060606,0.7017298118670671,0.8208833227830813,0.0388303465213763,1.3233298460919305,0.184788627775299,0.4201302831695445,0.5227056295195599,0.0775964363352615,0.0711990819487376,0.7397827128067757,10_sp_aij_3,8493390,0.1,10,12872,21,15,even
201,12.727272727272728,0.8945889195023315,0.8995864391809983,0.0248920138666516,1.680601190356009,0.2215383367712541,0.3763413717570525,0.6398125053625183,0.0660707669094606,0.0601575762778337,0.6769500038222726,10_sp_aij_3,8493390,0.1,10,12872,21,15,even
202,14.84848484848485,0.8233846366920714,1.009601630621888,0.0323833925322578,1.8081060477699653,0.1956692733051412,0.4413394718158788,0.6244691453052726,0.0650112799834583,0.1601319372493955,0.7721028657531278,10_sp_aij_3,8493390,0.1,10,12872,21,15,even
203,16.96969696969697,0.5008014891397063,0.7624820217127096,0.0362587906184798,1.40896568472544,0.2231251001309229,0.4294167304945878,0.502685233341183,0.0643315626653289,0.1333694165956168,0.5386489703516043,10_sp_aij_3,8493390,0.1,10,12872,21,15,even
204,19.09090909090909,0.7896368919218569,0.7816032335597709,0.029970830926228,1.6077567393566872,0.2257137282057599,0.4522388987686995,0.5738383008528192,0.0735068178147485,0.0803387455843513,0.6168969683830391,10_sp_aij_3,8493390,0.1,10,12872,21,15,even
205,21.21212121212121,1.0979647981118943,0.8088192624789212,0.0320194841356042,1.7739531579614216,0.184405740503294,0.4447384378725836,0.5757185232368771,0.0666776925826592,0.1118778485552338,0.6956573199997458,10_sp_aij_3,8493390,0.1,10,12872,21,15,even
206,23.333333333333336,0.720794247431642,0.854035262752028,0.0440417755496837,1.6316802095187386,0.195654382288739,0.3981964956666734,0.6231391078564642,0.0570201440897152,0.1045968021273445,0.7450593883307092,10_sp_aij_3,8493390,0.1,10,12872,21,15,even
207,25.454545454545457,0.7145308978154853,0.8364773579476386,0.0459924087036989,1.678361302344142,0.1876325053700548,0.5781576732730743,0.6772042017459976,0.0409574289116496,0.0715421510109838,0.8518614649457988,10_sp_aij_3,8493390,0.1,10,12872,21,15,even
208,27.575757575757574,0.7991245326554501,0.9200971792523666,0.0304421865413151,1.743231954247694,0.1779984088844495,0.3782907664943534,0.5014305563122301,0.0498117978822463,0.1462818534569909,0.4940304246427601,10_sp_aij_3,8493390,0.1,10,12872,21,15,even
209,30.0,0.837080124221794,0.7826992998010249,0.0467590625159908,1.454735044172352,0.2422060907951473,0.463839531570121,0.5687364868237805,0.0436731473732217,0.1912212881089315,0.5677867919899409,10_sp_aij_3,8493390,0.1,10,12872,21,15,even
210,0.0,0.09,0.09,0.08,0.08,0.08,0.06,0.04,0.01,0.09,0.02,10_sp_aij_3,8982779,0.1,10,12872,21,15,even
211,2.121212121212121,0.2218475468123122,0.3052874077175891,0.0781944323723941,0.3362113256038292,0.2525527570189199,0.1671495424405432,0.0779919344363374,0.0112830390087605,0.0319779249006682,0.0360550298120161,10_sp_aij_3,8982779,0.1,10,12872,21,15,even
212,4.242424242424242,0.457849373712421,0.5624016343976179,0.0984951443436016,0.8928494356879013,0.2472098083529402,0.2214706160311043,0.3266534114672186,0.0146390701901697,0.0173343614306145,0.2321037522608023,10_sp_aij_3,8982779,0.1,10,12872,21,15,even
213,6.363636363636364,0.8713618730600261,0.8449784320635354,0.0640959046744269,1.6571909014980004,0.2706434159539087,0.4162804643114894,0.471977394432035,0.0174874905798082,0.0165602868386866,0.4693521830455776,10_sp_aij_3,8982779,0.1,10,12872,21,15,even
214,8.484848484848484,0.7620869537235119,0.8467527264894774,0.0666414852033542,1.3969616366732411,0.2298669153451625,0.3714466810730333,0.5545512515395389,0.0264846378280449,0.0586252521909151,0.7348082734212081,10_sp_aij_3,8982779,0.1,10,12872,21,15,even
215,10.606060606060606,0.8734349044098201,0.8591078651589997,0.0693994295265048,1.746839424086423,0.2767281912449331,0.3884590564092876,0.5399144216176948,0.036222680281791,0.0772504210639861,0.6839150022359987,10_sp_aij_3,8982779,0.1,10,12872,21,15,even
216,12.727272727272728,0.8533972773182112,0.9040989640191972,0.0700808782755075,1.7657587730005393,0.199783254075145,0.4582384981059483,0.6737486429854607,0.0295118677977423,0.1970926558995125,0.7884380743351382,10_sp_aij_3,8982779,0.1,10,12872,21,15,even
217,14.84848484848485,0.7317921911589602,0.7290216023725558,0.0489639601548048,1.3861515605070662,0.2481928894067597,0.5767811315747496,0.5361555665819807,0.0570616801106993,0.1644118892960922,0.486003315003322,10_sp_aij_3,8982779,0.1,10,12872,21,15,even
218,16.96969696969697,0.8120323366433658,0.8127679449184102,0.0450560280264282,1.7861163756581735,0.1760429535005638,0.5702708731110296,0.5774151465275911,0.0538458992429484,0.1213760101414194,0.6646292924246615,10_sp_aij_3,8982779,0.1,10,12872,21,15,even
219,19.09090909090909,0.9255273752691509,0.855507781274288,0.0439412169386371,1.5935786409588408,0.1245228357232423,0.461381370930931,0.6910371664799316,0.0429606946125972,0.1326374621784815,0.791665313519717,10_sp_aij_3,8982779,0.1,10,12872,21,15,even
220,21.21212121212121,0.6562705495827641,0.8348377848398003,0.056306695632148,1.1598374490619423,0.1951399265812071,0.4167731324875623,0.6340139759100926,0.05316400587738,0.1358042009899941,0.6272837533751435,10_sp_aij_3,8982779,0.1,10,12872,21,15,even
221,23.333333333333336,0.7469705353643952,0.839719378384076,0.0321481702174163,1.2614409168261391,0.1978866017421036,0.3616573712086968,0.5492424203575059,0.0409302285111892,0.1596547690886366,0.5957994397904238,10_sp_aij_3,8982779,0.1,10,12872,21,15,even
222,25.454545454545457,0.7726370994865523,0.6630309445505083,0.0451337218520872,1.4185468952965146,0.2394872839094467,0.3603451425491333,0.5276935731158214,0.0563290088218124,0.099988686735145,0.610570306209418,10_sp_aij_3,8982779,0.1,10,12872,21,15,even
223,27.575757575757574,0.6211458273658144,0.8062483967266384,0.0461442812099476,1.411433283457874,0.2222940114713255,0.4453624203748291,0.5934017396656532,0.0401189969874272,0.1633968863642105,0.527923823895937,10_sp_aij_3,8982779,0.1,10,12872,21,15,even
224,30.0,0.8104281125230398,0.840352053155597,0.0533239265382534,1.7805602487736976,0.2515975741843787,0.4316655114784727,0.6111095297917052,0.0519351652722165,0.1076262602673185,0.7149879307750233,10_sp_aij_3,8982779,0.1,10,12872,21,15,even
225,0.0,0.06,0.08,0.04,0.05,0.07,0.09,0.05,0.09,0.04,0.05,10_sp_aij_3,9036584,0.1,10,12872,21,15,even
226,2.121212121212121,0.2518628276485709,0.2871432025093391,0.0509519748213731,0.2746732900893578,0.2649926470544855,0.2644864974961042,0.098436861706521,0.0558442752921838,0.0105233769573052,0.1024367050662749,10_sp_aij_3,9036584,0.1,10,12872,21,15,even
227,4.242424242424242,0.5777739127508483,0.5527961473570291,0.0666776488506775,0.9885056842377752,0.4259327124740367,0.3799184036206778,0.3566175648663688,0.0342590470806659,0.0055508208844158,0.339877984062046,10_sp_aij_3,9036584,0.1,10,12872,21,15,even
228,6.363636363636364,0.7279254815874805,0.9206353705560576,0.0559889748670095,1.2029516270393068,0.1781935903907415,0.4619359702276221,0.5869934531380689,0.0339954848599564,0.0136116191794624,0.4924093142658738,10_sp_aij_3,9036584,0.1,10,12872,21,15,even
229,8.484848484848484,0.7482025962855766,0.6446212661331756,0.0559156690774965,1.4939070377902075,0.1890977670342629,0.3864259726005107,0.4942379136823017,0.0314474844411682,0.0232675812630283,0.5285022916090966,10_sp_aij_3,9036584,0.1,10,12872,21,15,even
230,10.606060606060606,0.8117520172615955,1.060568000598493,0.045160353577744,1.4561805273852677,0.1496534205848234,0.420834117681693,0.4739810746788336,0.0297708086731173,0.0434251712029281,0.5157477693318806,10_sp_aij_3,9036584,0.1,10,12872,21,15,even
231,12.727272727272728,0.910052974690172,1.0343025409683697,0.0422393108803428,1.5208705985332835,0.1557170626547951,0.3935827471241567,0.6308042029234738,0.0382339178550242,0.0677059878351794,0.5623746676664441,10_sp_aij_3,9036584,0.1,10,12872,21,15,even
232,14.84848484848485,0.7140974246135109,0.7721892348809369,0.0334430305294108,1.3641239862551835,0.1917809975218914,0.4928084459604845,0.507610513814272,0.0473371477826784,0.1216886381899531,0.6658111681195578,10_sp_aij_3,9036584,0.1,10,12872,21,15,even
233,16.96969696969697,1.0217533545536048,0.8694061700833277,0.0185871558804636,1.9477492674303036,0.1718743177936485,0.4581684312873738,0.6212068606817933,0.0588420622535952,0.1191420138468461,0.717954832514328,10_sp_aij_3,9036584,0.1,10,12872,21,15,even
234,19.09090909090909,0.946806258241348,0.8060711103220248,0.0243655480034408,1.5382909229956996,0.1740095764236983,0.4580469150641815,0.6129315313534189,0.0995787540688058,0.1346192716120879,0.6579588893652573,10_sp_aij_3,9036584,0.1,10,12872,21,15,even
235,21.21212121212121,0.9339165940597748,0.9937347556584176,0.0138840342740928,1.5988260933528786,0.1981385692974278,0.429446131595659,0.5639134142156496,0.0875266856880196,0.0955677443750641,0.6803525216388204,10_sp_aij_3,9036584,0.1,10,12872,21,15,even
236,23.333333333333336,1.0134848604761646,0.8943987656550436,0.0192482368318992,1.3851863833275084,0.2168887340465,0.5481327437287702,0.5804584822153686,0.0753423129861951,0.1292315142593789,0.6795553834199538,10_sp_aij_3,9036584,0.1,10,12872,21,15,even
237,25.454545454545457,0.9639339287784592,0.8752195274302176,0.0222558546100724,1.3643938655145351,0.1799533176758191,0.4792769643677338,0.6370453503260598,0.0509632196030005,0.0979326887127234,0.7163493619562824,10_sp_aij_3,9036584,0.1,10,12872,21,15,even
238,27.575757575757574,0.7027350876741038,0.8570527043213435,0.0271943526508498,1.144739023275198,0.1832285931818096,0.5331038483274428,0.6033428143730445,0.0597628730250869,0.1339719734478912,0.6184176664713613,10_sp_aij_3,9036584,0.1,10,12872,21,15,even
239,30.0,0.736058692267867,0.686351735169775,0.0240609224905745,1.344690280274827,0.1441461494724904,0.4549464840373713,0.5615102535878161,0.0696712656858807,0.1041131999229857,0.5632679098547808,10_sp_aij_3,9036584,0.1,10,12872,21,15,even
240,0.0,0.06,0.06,0.01,0.01,0.01,0.08,0.08,0.04,0.04,0.05,10_sp_aij_3,9845126,0.1,10,12872,21,15,even
241,2.121212121212121,0.1725929947513694,0.1956977679954777,0.0100113883624734,0.0973022008405126,0.0600903255365645,0.2159075612243046,0.1032749094826788,0.0331293393247898,0.0147167996288903,0.0606738623088195,10_sp_aij_3,9845126,0.1,10,12872,21,15,even
242,4.242424242424242,0.4442837958813984,0.3684171445690106,0.0111962408209222,0.5116249972916809,0.1360274124571533,0.2495018139862939,0.2732738535478143,0.0296565980955788,0.0073531947058168,0.1364063507527479,10_sp_aij_3,9845126,0.1,10,12872,21,15,even
243,6.363636363636364,0.5448589495292836,0.6743319718927221,0.015397581539057,1.0343803310819144,0.1561126728072862,0.367088876228457,0.4147435258713228,0.0238705686079556,0.0103433624451038,0.3744550812779076,10_sp_aij_3,9845126,0.1,10,12872,21,15,even
244,8.484848484848484,0.9074158435515536,0.7041884797539232,0.0199894805231477,1.3303149501634173,0.1175524823968687,0.4592029132173954,0.5972276566589956,0.0442502015829581,0.00955055319239,0.5539633451091466,10_sp_aij_3,9845126,0.1,10,12872,21,15,even
245,10.606060606060606,0.8923086429284073,1.084096821714562,0.0281815100724898,1.565226975380527,0.1332974403446603,0.4641298605413415,0.7011398547075441,0.056805488676632,0.0301761400306128,0.7030957538695972,10_sp_aij_3,9845126,0.1,10,12872,21,15,even
246,12.727272727272728,0.963487807058412,0.9273721827756074,0.0308871978039216,1.6306707815297998,0.102856629955102,0.5018154693667466,0.6317280303829699,0.0739477766747794,0.0474427008258937,0.629437600538276,10_sp_aij_3,9845126,0.1,10,12872,21,15,even
247,14.84848484848485,1.0521431190911026,1.0553549820690211,0.0364762330598234,1.6724051939596445,0.1477126325732637,0.4129517488287869,0.7172841012659984,0.0578562361259791,0.0776755792529934,0.6468879341482855,10_sp_aij_3,9845126,0.1,10,12872,21,15,even
248,16.96969696969697,0.8719919037424789,0.8109443434591367,0.040781131310235,1.299014837906871,0.141290431025277,0.5235027420981554,0.6805471425391696,0.0500594121497628,0.0959568397765139,0.8038275974612469,10_sp_aij_3,9845126,0.1,10,12872,21,15,even
249,19.09090909090909,0.8756212408563013,0.847332457801526,0.0501050770365433,1.4294850904948142,0.2077087698212157,0.4449304152214008,0.6173684315605911,0.0350087393384328,0.0999387322876895,0.7269945144534411,10_sp_aij_3,9845126,0.1,10,12872,21,15,even
250,21.21212121212121,0.8391003256366838,0.9286619922319332,0.0232952341996171,1.814869004274272,0.2375203198496945,0.4968427244423441,0.604708752295617,0.045875833173959,0.0824313417743875,0.6152679212648052,10_sp_aij_3,9845126,0.1,10,12872,21,15,even
251,23.333333333333336,0.8944797002015752,0.8638794308869715,0.0258812555339357,1.4475011701260336,0.1543263910497531,0.3613454054551924,0.6363169966782456,0.0317473153134058,0.1053650574599144,0.6408082055020315,10_sp_aij_3,9845126,0.1,10,12872,21,15,even
252,25.454545454545457,0.8849112385649914,0.8952370822421748,0.0322205478865046,1.4809977902382934,0.1605063289975321,0.3650211119439799,0.6237147832968062,0.0374882752443132,0.1061773216817977,0.5856045198656896,10_sp_aij_3,9845126,0.1,10,12872,21,15,even
253,27.575757575757574,0.6791686217586393,0.6561197395872989,0.0240100539300063,1.2816501456767946,0.1241371287118846,0.5381662697044729,0.4693914242583835,0.0518128034954715,0.1327104635269968,0.5710614653895025,10_sp_aij_3,9845126,0.1,10,12872,21,15,even
254,30.0,0.888780616996627,0.7382721454430771,0.0275306889928716,1.321213770806053,0.1910457584961346,0.4452788853146305,0.4190273391123618,0.0592157328921657,0.0778505391512791,0.4849783458603054,10_sp_aij_3,9845126,0.1,10,12872,21,15,even
255,0.0,0.07,0.06,0.07,0.04,0.06,0.08,0.06,0.06,0.06,0.08,10_sp_aij_3,10011807,0.1,10,12872,21,15,even
256,2.121212121212121,0.1946765729161249,0.2295609278294909,0.0276434596647369,0.2551356252743831,0.1884714672063508,0.2267316839826674,0.0892878019015632,0.056191423770041,0.0225954747874093,0.1383821137940649,10_sp_aij_3,10011807,0.1,10,12872,21,15,even
257,4.242424242424242,0.4405636706760188,0.5744514793822693,0.0257073983895685,0.7765145472661419,0.2613381148354073,0.2448109459809742,0.2305959053258607,0.0594886952982133,0.0115203414245652,0.2623592566958574,10_sp_aij_3,10011807,0.1,10,12872,21,15,even
258,6.363636363636364,0.8214691971394129,0.8875431646370704,0.034241747101509,1.3615217497405998,0.2157975047212285,0.4074995666301174,0.6434925760616973,0.0388934868130441,0.0083012725648529,0.6839159115906208,10_sp_aij_3,10011807,0.1,10,12872,21,15,even
259,8.484848484848484,0.8913799352968849,0.9261078922318444,0.0386697227773748,1.2835847149798267,0.2214550949095455,0.4012039527050637,0.6074316593984798,0.042646264094241,0.0252475397864952,0.5019742674467107,10_sp_aij_3,10011807,0.1,10,12872,21,15,even
260,10.606060606060606,0.5949380975787927,0.8509876362697935,0.0382301733976165,1.3283664945699818,0.1573517689341973,0.5530465275671211,0.5636703442765004,0.0532245391621363,0.0331905824990314,0.6812368989208921,10_sp_aij_3,10011807,0.1,10,12872,21,15,even
261,12.727272727272728,0.7872503983845262,0.9299734088356252,0.0258959669090166,1.4019568946009962,0.1555819600199521,0.4154633535378301,0.5560458208129166,0.0630378003058872,0.0423599340710333,0.5465490052984012,10_sp_aij_3,10011807,0.1,10,12872,21,15,even
262,14.84848484848485,0.7483029915092536,0.7483382739525091,0.0332487275083077,1.1818863746003845,0.1530080746171335,0.3655285547928265,0.667428032759706,0.0730938492451491,0.0636305261393084,0.6074634973028626,10_sp_aij_3,10011807,0.1,10,12872,21,15,even
263,16.96969696969697,0.8509721412062076,0.8506270195455433,0.0337158828933877,1.5177531998840572,0.1116620436806667,0.3411268759584361,0.7415831683095357,0.0575980605119244,0.0843988330411073,0.558927817360988,10_sp_aij_3,10011807,0.1,10,12872,21,15,even
264,19.09090909090909,0.8425125383598854,0.8433640993997418,0.025125207463089,1.520134963892867,0.125658331414552,0.5762519942543491,0.7199035269042058,0.0378092384505546,0.1028350740195478,0.7505240080895776,10_sp_aij_3,10011807,0.1,10,12872,21,15,even
265,21.21212121212121,0.8003515101541524,0.9250782730110422,0.0303165137260016,1.4970918338666528,0.2009340443200754,0.391898496135319,0.6447171725183428,0.0387917300373401,0.1343886021530898,0.610599370211512,10_sp_aij_3,10011807,0.1,10,12872,21,15,even
266,23.333333333333336,0.7555826110294642,0.6355966753033176,0.0364168201313518,1.4076123946273986,0.2266534744747935,0.361175772966344,0.4576129574209134,0.0540612605575791,0.1583418458226964,0.5848785635014969,10_sp_aij_3,10011807,0.1,10,12872,21,15,even
267,25.454545454545457,0.796126387547075,0.8842459510723069,0.0376606514435259,1.6693750743288782,0.2278919341316521,0.3748900963739152,0.6004420648429485,0.0422784077318994,0.1630925700313677,0.6052678240274502,10_sp_aij_3,10011807,0.1,10,12872,21,15,even
268,27.575757575757574,0.8107900439663926,0.7907214919937077,0.0280730974942762,1.7818473869997984,0.1826930903361412,0.4549269648014163,0.6924798711915323,0.0561442666754658,0.1434734283453611,0.5722639381659129,10_sp_aij_3,10011807,0.1,10,12872,21,15,even
269,30.0,0.8254679551279664,0.8659609753974139,0.0397395736727032,1.706793345637682,0.1662998070048149,0.4343320985137741,0.5903666377414022,0.036423531867694,0.1036452009102338,0.6030391862382931,10_sp_aij_3,10011807,0.1,10,12872,21,15,even
270,0.0,0.03,0.04,0.07,0.08,0.06,0.09,0.06,0.05,0.01,0.03,10_sp_aij_3,10488077,0.1,10,12872,21,15,even
271,2.121212121212121,0.1043385671260056,0.2226026151847527,0.0468548725059936,0.1834109546271763,0.1772313456848848,0.2228988589310149,0.0807132314636599,0.053288627256065,0.0062200181499018,0.0893476154697101,10_sp_aij_3,10488077,0.1,10,12872,21,15,even
272,4.242424242424242,0.5192150982815965,0.5968141266169328,0.0491193698420751,0.9792201228366046,0.2324900994765752,0.3080604708016762,0.2963098903990696,0.0546545904392252,0.0033901361820384,0.2452341070987258,10_sp_aij_3,10488077,0.1,10,12872,21,15,even
273,6.363636363636364,0.7249499285017714,0.8535479349927035,0.0575808504651653,1.2084358402658173,0.1734564643823936,0.5352527339296659,0.5024616794265404,0.0641530811923399,0.0034347548277667,0.6524032164480331,10_sp_aij_3,10488077,0.1,10,12872,21,15,even
274,8.484848484848484,0.7833764998803348,0.8171896980066867,0.0307645633533218,1.3382685326172743,0.1040295857860704,0.4394921520487504,0.6161344237327505,0.0635711707561735,0.0054830468708833,0.7148916058605335,10_sp_aij_3,10488077,0.1,10,12872,21,15,even
275,10.606060606060606,0.9974003948789434,0.9001426847037357,0.0232459840266946,1.6534673601916567,0.1034281571026787,0.3860672375694259,0.6493877340774787,0.0759686802102132,0.010113993292904,0.5787509542938603,10_sp_aij_3,10488077,0.1,10,12872,21,15,even
276,12.727272727272728,0.8079803085273051,0.9945925083845306,0.0176565085795924,1.697061150404764,0.1098892827931998,0.5213189045313764,0.7573811551851618,0.1030333971169946,0.0241684774670861,0.6508510777010057,10_sp_aij_3,10488077,0.1,10,12872,21,15,even
277,14.84848484848485,0.7909676811861456,0.9205965114435992,0.0262087811978527,1.4909631957810885,0.1938012057482279,0.4724611757267531,0.5261961949002834,0.0734458145082112,0.0728416169949338,0.5752090631953697,10_sp_aij_3,10488077,0.1,10,12872,21,15,even
278,16.96969696969697,0.8583885958953887,1.1765812710524126,0.0351240921929544,1.9005258469139197,0.1429829081589941,0.5107853418238267,0.6787073619265415,0.0675822101823405,0.1133191338685364,0.7319923048142752,10_sp_aij_3,10488077,0.1,10,12872,21,15,even
279,19.09090909090909,0.6869348796068196,0.847144824583593,0.0246536641304115,1.388828950384228,0.2296374402037742,0.4047555185382074,0.6670662355426308,0.0653088657333473,0.1567143457894074,0.5678871010279317,10_sp_aij_3,10488077,0.1,10,12872,21,15,even
280,21.21212121212121,0.8984597955458861,0.7266485242989519,0.015063393198418,1.4127022994914495,0.1648582426021727,0.4389011529872101,0.5214060357420842,0.0411010946591973,0.1496223490105405,0.6190640021378272,10_sp_aij_3,10488077,0.1,10,12872,21,15,even
281,23.333333333333336,0.9229901530138612,0.730057896272168,0.0125421195321033,1.5188664411819408,0.171831810762135,0.5090993197734649,0.6623363532960085,0.0829471979143435,0.1922617152353648,0.5676572918371549,10_sp_aij_3,10488077,0.1,10,12872,21,15,even
282,25.454545454545457,0.7102889150376731,0.7745747340643813,0.0123473662436608,1.3834683161974115,0.1671748262856166,0.3488250016992498,0.5145798589927173,0.0568371939521724,0.1406850595016633,0.7269213975883472,10_sp_aij_3,10488077,0.1,10,12872,21,15,even
283,27.575757575757574,0.6899194530831265,0.808083003620892,0.0160283630280782,1.4822295811032242,0.2193517188483714,0.3927934841503415,0.4724546040802541,0.0749335888372992,0.1131896940327191,0.5226272911510398,10_sp_aij_3,10488077,0.1,10,12872,21,15,even
284,30.0,0.8523132590636328,0.8054854695916173,0.014610919904363,1.3971703981449428,0.2602590663325864,0.4745219956775379,0.608562374280836,0.0830647887310378,0.1055904576824682,0.612573177064978,10_sp_aij_3,10488077,0.1,10,12872,21,15,even
285,0.0,0.09,0.05,0.08,0.02,0.07,0.04,0.01,0.05,0.05,0.01,10_sp_aij_3,11563241,0.1,10,12872,21,15,even
286,2.121212121212121,0.1703280069559399,0.2091180129883516,0.0736468060025837,0.134841683225431,0.1967083012321041,0.123604701089256,0.0388070783602658,0.0357432100434259,0.0194547928187931,0.0325802182667499,10_sp_aij_3,11563241,0.1,10,12872,21,15,even
287,4.242424242424242,0.4168232390041674,0.3534711928046564,0.0757157240646797,0.6034464986250438,0.2333030608197858,0.2777536544187974,0.1230671727393134,0.033875333905755,0.0086264822380373,0.1115069267617581,10_sp_aij_3,11563241,0.1,10,12872,21,15,even
288,6.363636363636364,0.8445780397724932,0.7570959765990775,0.0404730822406536,1.2866564640643456,0.1777142854427855,0.3844554455889591,0.4586339760253093,0.0386008410047709,0.0081139659704775,0.3964763153539753,10_sp_aij_3,11563241,0.1,10,12872,21,15,even
289,8.484848484848484,0.9565642975064244,0.9981441274381484,0.0360353999751391,1.6954099005832235,0.1606113489578252,0.5265573080450254,0.7529300726098581,0.0424940071806924,0.0192117798182891,0.8389351797468425,10_sp_aij_3,11563241,0.1,10,12872,21,15,even
290,10.606060606060606,0.9177263669606124,0.8548952380827345,0.0499772632282997,1.5049651849146135,0.127801137015229,0.3946707416216645,0.6657173690705154,0.0401643852621483,0.058904589958199,0.6409441626226355,10_sp_aij_3,11563241,0.1,10,12872,21,15,even
291,12.727272727272728,0.7768011015403423,0.7500276458615076,0.0492488452239045,1.3258675130245674,0.2276273144878157,0.5083432467100658,0.6354569545139571,0.0501960197091204,0.1117915521437659,0.6868195738871453,10_sp_aij_3,11563241,0.1,10,12872,21,15,even
292,14.84848484848485,0.7911699836975915,0.8093417897239965,0.0404776036690761,1.5816778572638364,0.2037492330759404,0.4345449857494534,0.4967068085134855,0.0637645329583767,0.1431279875206647,0.5991136196980527,10_sp_aij_3,11563241,0.1,10,12872,21,15,even
293,16.96969696969697,0.755742110940106,0.838019272157362,0.0312161006841519,1.1860382835690275,0.1935103521784821,0.5057610227992827,0.5223647164438917,0.0614809043710517,0.1416903973649132,0.5192634534693868,10_sp_aij_3,11563241,0.1,10,12872,21,15,even
294,19.09090909090909,0.8716713897866714,0.8736808708846897,0.021032163518755,1.5941355008880311,0.1666665562221425,0.4819933696494051,0.5662462539688713,0.0815938359846517,0.1193273875887546,0.6142052525872019,10_sp_aij_3,11563241,0.1,10,12872,21,15,even
295,21.21212121212121,0.6386242513530186,0.8484630889244735,0.0135353905425806,1.2769177736675772,0.2055140217852141,0.5251157300854298,0.5254118103689178,0.0852672784216837,0.0911612940865232,0.6820270717455922,10_sp_aij_3,11563241,0.1,10,12872,21,15,even
296,23.333333333333336,0.9682702600813504,0.7811074937708051,0.0104653591735989,1.369789284814282,0.1697335352682124,0.4294185795673021,0.6384654177895592,0.0640269775375236,0.1172843794044191,0.6072730985444051,10_sp_aij_3,11563241,0.1,10,12872,21,15,even
297,25.454545454545457,0.8636578430003805,0.9319033392041552,0.013557023061972,1.4609628976202678,0.1684116996281661,0.4454179419225846,0.8090411799325417,0.0399926649831783,0.1151628777921369,0.6197935980007446,10_sp_aij_3,11563241,0.1,10,12872,21,15,even
298,27.575757575757574,1.0167817430570436,0.9565813089243936,0.012731892836476,1.5512830601127834,0.1762949389928054,0.4146071275209621,0.5823629518852473,0.0327953465448944,0.1421658905103108,0.6114245755767062,10_sp_aij_3,11563241,0.1,10,12872,21,15,even
299,30.0,0.9454795497072518,0.8357377025920878,0.0099562468770964,1.7056504751094366,0.1945875019959126,0.4078416333217597,0.7259909337588994,0.033171360609707,0.1417998196843789,0.6133091024112113,10_sp_aij_3,11563241,0.1,10,12872,21,15,even
300,0.0,0.09,0.09,0.01,0.03,0.06,0.06,0.03,0.08,0.07,0.05,10_sp_aij_3,12733201,0.1,10,12872,21,15,even
301,2.121212121212121,0.2544207245028279,0.2786867750076391,0.0117187146147262,0.3797501058057814,0.2386015253692449,0.1801705314688757,0.0712071976667986,0.0933390544470594,0.0277361722251875,0.0979516801090651,10_sp_aij_3,12733201,0.1,10,12872,21,15,even
302,4.242424242424242,0.7489736621225398,0.5860398745303322,0.0128401248718338,0.9762792013717472,0.2880495691046316,0.3275202139573288,0.4503005660963787,0.0803580009771715,0.0142011978658088,0.3666500802781195,10_sp_aij_3,12733201,0.1,10,12872,21,15,even
303,6.363636363636364,1.003546570806666,0.9750625061455136,0.016793034591757,1.4941623315747328,0.2293046495527105,0.4375033911013916,0.6526929027429879,0.0804487334535102,0.0159083942535088,0.6879227252910228,10_sp_aij_3,12733201,0.1,10,12872,21,15,even
304,8.484848484848484,0.9658117208486392,0.90302388000833,0.0126899804051979,1.9420932575709695,0.1156856569978096,0.4625544280967468,0.760565784605792,0.0925699242194478,0.0383935947554652,0.6999151389134218,10_sp_aij_3,12733201,0.1,10,12872,21,15,even
305,10.606060606060606,0.8358345490999557,0.7896802916366972,0.013589463453523,1.3255711437416555,0.1440729089952817,0.4852492850068918,0.6676390096328636,0.106011652053541,0.0627401604062754,0.6285108512991568,10_sp_aij_3,12733201,0.1,10,12872,21,15,even
306,12.727272727272728,0.747665250241958,0.8665047974029751,0.0154734182567627,1.420897893487881,0.1854556276004847,0.5170285225682801,0.5080477697458065,0.0945931536877994,0.0803388373869094,0.5856591863366722,10_sp_aij_3,12733201,0.1,10,12872,21,15,even
307,14.84848484848485,0.9674895801286748,0.9596387955669208,0.0101647093677022,1.680939435724025,0.1924935702086266,0.5217301120993423,0.8372127374049276,0.0549824415306065,0.0611829194174705,0.6525848311650285,10_sp_aij_3,12733201,0.1,10,12872,21,15,even
308,16.96969696969697,0.8231978604805631,0.9870079719868076,0.007062995654633,1.267186170184471,0.0816187529976174,0.4587037684890354,0.6197003085260944,0.0500173405314079,0.1182173366204842,0.6727799440886474,10_sp_aij_3,12733201,0.1,10,12872,21,15,even
309,19.09090909090909,0.6904806281340525,0.7570457916683315,0.0071816915035312,1.238635961541466,0.1120105331281032,0.3730524154569574,0.4405104634964768,0.05554699351405,0.1663049936229383,0.6254404341286988,10_sp_aij_3,12733201,0.1,10,12872,21,15,even
310,21.21212121212121,0.5545519662954416,0.7385714470579089,0.0098769169052527,1.0024541175780897,0.2383174765444198,0.4625993062027994,0.4885978478004134,0.0775456904782163,0.097659585080654,0.561893521875031,10_sp_aij_3,12733201,0.1,10,12872,21,15,even
311,23.333333333333336,0.768121794847043,0.7633226308268709,0.0153826344855526,1.6057562491353743,0.2002833608549481,0.4716916803583596,0.7038909534485442,0.0636077015562084,0.061315033977831,0.6059880900687221,10_sp_aij_3,12733201,0.1,10,12872,21,15,even
312,25.454545454545457,0.7965519577885928,1.0081695172403926,0.019604855319626,1.5429622553790758,0.1754729867665755,0.5031845395947959,0.6226051393490943,0.058986989948717,0.1118713408043502,0.7056051948727551,10_sp_aij_3,12733201,0.1,10,12872,21,15,even
313,27.575757575757574,0.7497076755785735,0.9945652561948836,0.0153282300162722,1.660395036793832,0.169976386218878,0.4946703674604568,0.6435778085408028,0.0485234839408842,0.1387294310674908,0.6430359163338196,10_sp_aij_3,12733201,0.1,10,12872,21,15,even
314,30.0,0.7709542336304446,0.7777069501599632,0.0164247687835972,1.4407024920175675,0.172814415299316,0.4776525464977421,0.5807010328493537,0.0576821830093668,0.1914833773631961,0.734458881004927,10_sp_aij_3,12733201,0.1,10,12872,21,15,even
