,time,species_0,species_1,species_2,species_3,species_4,species_5,species_6,species_7,species_8,species_9,ground_truth,timeseries_id,noise,n_species,did,n_timeseries,n_timepoints,sampling_scheme
0,0.0,0.04,0.05,0.01,0.02,0.02,0.07,0.01,0.09,0.07,0.03,10_sp_aij_36,36656,0.1,10,16702,26,10,random
1,7.272727272727273,0.2081522273247226,0.1577837105760566,0.3122197649519087,0.1217521749839434,0.2415621189959686,0.2084206459325611,0.0,0.046329782841904,0.1533017104532099,0.0452520974898382,10_sp_aij_36,36656,0.1,10,16702,26,10,random
2,10.0,0.0887286037970909,0.1482819463867705,0.3344457487741502,0.1301943329167314,0.4692341526408438,0.191941848017117,0.0,0.0305499303099524,0.1429783802655982,0.0439090785999478,10_sp_aij_36,36656,0.1,10,16702,26,10,random
3,13.636363636363637,0.0679680599966248,0.0833085792098276,0.5399468819897293,0.1383251823916168,0.4561905779191567,0.3357918105349818,0.0,0.0114735936080545,0.144504926875267,0.1255838525244657,10_sp_aij_36,36656,0.1,10,16702,26,10,random
4,14.84848484848485,0.0715761974127537,0.0821189824251027,0.467650745087749,0.1623092723794332,0.395515530930062,0.2632555346642528,0.0,0.0081975813259073,0.1598847778228288,0.1285546325852557,10_sp_aij_36,36656,0.1,10,16702,26,10,random
5,17.272727272727273,0.0838996243778231,0.0612168919451752,0.4547762755865247,0.1705415907353223,0.4035421859627069,0.3388204515222401,0.0,0.0044367230847281,0.176586561568654,0.2115597902568338,10_sp_aij_36,36656,0.1,10,16702,26,10,random
6,20.0,0.075067261339868,0.0684366563396227,0.4570102717292068,0.1689964369650602,0.4085890726465258,0.3143326633431609,0.0,0.0027906415074764,0.1357555593329613,0.136391001699765,10_sp_aij_36,36656,0.1,10,16702,26,10,random
7,23.63636363636364,0.0662184681545409,0.094678033569602,0.516289945140318,0.183766589504326,0.4924096136651825,0.2339756284566129,0.0,0.0,0.1374228494776498,0.1849663388312469,10_sp_aij_36,36656,0.1,10,16702,26,10,random
8,26.060606060606062,0.088037628983352,0.0587157417485549,0.4101068931740944,0.1760655797143046,0.602262625058077,0.3174594111911918,0.0,0.0,0.1685466775824029,0.2582727472105012,10_sp_aij_36,36656,0.1,10,16702,26,10,random
9,28.484848484848484,0.0663324817617811,0.0439787238980934,0.5069871246593836,0.2388846769820505,0.4609122638855328,0.3530402190438644,0.0,0.0,0.1186627634725807,0.2237643855253414,10_sp_aij_36,36656,0.1,10,16702,26,10,random
10,2.4242424242424243,0.1798012026483904,0.1249800554875475,0.2543408702338758,0.093872343409363,0.2499858277473329,0.1171532218037685,0.0177138865398231,0.0334107649109696,0.1032814968997788,0.077291231626181,10_sp_aij_36,41300,0.1,10,16702,26,10,random
11,3.6363636363636367,0.1708498155907581,0.1343860249140645,0.3024248024946732,0.0723012293040397,0.4472685154448124,0.1333753270530642,0.0146236034062023,0.0251463076610712,0.142707984448965,0.0659207088291776,10_sp_aij_36,41300,0.1,10,16702,26,10,random
12,7.272727272727273,0.1813252452037801,0.136518097612147,0.3110466337517645,0.1458622864834243,0.3595639276503054,0.2351658723404521,0.0226660097715794,0.018733918118002,0.1675275124790926,0.1295671011809543,10_sp_aij_36,41300,0.1,10,16702,26,10,random
13,8.484848484848484,0.1552257596395417,0.1308623430485476,0.4336543175473455,0.1527346772206708,0.3425382938671519,0.2378427873622408,0.0215639583702774,0.0145284031829722,0.1468374630808548,0.1230292791102286,10_sp_aij_36,41300,0.1,10,16702,26,10,random
14,14.84848484848485,0.1797840163450164,0.1026773062445468,0.5057396995072853,0.1213724417694577,0.5191558165138465,0.3663819558151258,0.061882107862959,0.0106302336446337,0.1311935938974717,0.1923526503080755,10_sp_aij_36,41300,0.1,10,16702,26,10,random
15,18.484848484848484,0.1544267248859052,0.0680974860690772,0.4288606887498833,0.1471020192184163,0.3502146643357909,0.2516180852126711,0.1041508071302974,0.0108687596735182,0.1906219439616274,0.1827531437720802,10_sp_aij_36,41300,0.1,10,16702,26,10,random
16,23.63636363636364,0.2080237719195268,0.0959615344561869,0.4101451157649358,0.151832648061055,0.5736755170557598,0.2324986070654584,0.1061209876392685,0.0128502217301965,0.2032365989209102,0.2237677846410445,10_sp_aij_36,41300,0.1,10,16702,26,10,random
17,26.060606060606062,0.1823725590296832,0.1022633350944853,0.4059350948907409,0.1031841446458511,0.4174749876810557,0.2744486842502074,0.123756963666993,0.0107626219172423,0.169173280129008,0.1680660408122251,10_sp_aij_36,41300,0.1,10,16702,26,10,random
18,28.484848484848484,0.1427364093667002,0.0910717125276839,0.3736034942066945,0.164178369806806,0.4326107037755221,0.2829485661893931,0.0983652517129189,0.006685420942347,0.1356356689020205,0.1210665867691288,10_sp_aij_36,41300,0.1,10,16702,26,10,random
19,30.0,0.1805723672665451,0.0648093379286519,0.4637863218334273,0.1552079903963905,0.4623953247218464,0.2200629883463363,0.1038528954180083,0.0087980385318584,0.1139899090143642,0.1634005807045959,10_sp_aij_36,41300,0.1,10,16702,26,10,random
20,2.4242424242424243,0.1713327540089411,0.1083605934692211,0.1396609564789104,0.0870151822493326,0.1410398987101297,0.0398140825495782,0.03471680088936,0.0330466249434422,0.0725379625768667,0.0203424041389553,10_sp_aij_36,416304,0.1,10,16702,26,10,random
21,10.0,0.1978913427517648,0.18167944688485,0.2920120270085332,0.1379747903091347,0.3955701051765402,0.1657429185462295,0.0356729391966578,0.055582260065747,0.1851331622377276,0.0909199769101602,10_sp_aij_36,416304,0.1,10,16702,26,10,random
22,11.212121212121213,0.1687359684795621,0.1584256809994876,0.2337315009939308,0.1148649460391882,0.3380768042434974,0.1643103198380574,0.0218814057634332,0.051239183967426,0.1955048327147789,0.114444493855575,10_sp_aij_36,416304,0.1,10,16702,26,10,random
23,14.84848484848485,0.122713092790243,0.1331277091907527,0.4024774022478574,0.1442797165629912,0.4544046077045048,0.2324828343900713,0.0261136155318943,0.0182028519802072,0.1781652862827124,0.1244108820506861,10_sp_aij_36,416304,0.1,10,16702,26,10,random
24,16.060606060606062,0.1326101232851403,0.1134857902987814,0.3562446362348828,0.1336269666332853,0.4649266330731595,0.2396623737804984,0.0181093742886297,0.0129837277810395,0.1967581889163638,0.1812418256759315,10_sp_aij_36,416304,0.1,10,16702,26,10,random
25,17.272727272727273,0.1431522552710489,0.0934877805258298,0.3187302092883608,0.1568422744441051,0.4326749944568416,0.2539376555127947,0.0181918458524642,0.0119631326122154,0.1881335542185796,0.1709203232748843,10_sp_aij_36,416304,0.1,10,16702,26,10,random
26,20.0,0.2255465011381444,0.1125898534610655,0.3913343714063275,0.1727469200887899,0.3946731859887284,0.18568202144399,0.0265799966705011,0.0094953939990238,0.128991889264843,0.1279496984552421,10_sp_aij_36,416304,0.1,10,16702,26,10,random
27,21.21212121212121,0.1388880350199524,0.1072605741190599,0.4245541772631556,0.1295062573252652,0.4990334013086029,0.2221257338478658,0.0268523444473833,0.009118631298356,0.1672550164812762,0.1013286261583268,10_sp_aij_36,416304,0.1,10,16702,26,10,random
28,24.848484848484848,0.2030954943682938,0.0927232036361967,0.4500746365240248,0.1526842151755968,0.4524159833390223,0.2544479629920784,0.0892985800310716,0.0058590036015169,0.1780112804518994,0.129343337921263,10_sp_aij_36,416304,0.1,10,16702,26,10,random
29,28.484848484848484,0.1721229013063377,0.0614396316746162,0.5075834957219089,0.1735616829513565,0.4440522312546642,0.2594682189071272,0.1409122104996932,0.0057711282558701,0.1981609751751341,0.1805252312070455,10_sp_aij_36,416304,0.1,10,16702,26,10,random
30,0.0,0.08,0.01,0.03,0.07,0.01,0.07,0.06,0.09,0.07,0.03,10_sp_aij_36,591973,0.1,10,16702,26,10,random
31,1.2121212121212122,0.1220663176723898,0.0175415671853238,0.0790166442623118,0.067501197901144,0.0316818105731205,0.0728178382814307,0.0280322756956033,0.0865935336956307,0.0944599448289612,0.0398694289473775,10_sp_aij_36,591973,0.1,10,16702,26,10,random
32,12.424242424242424,0.1846497213537198,0.1674576041457385,0.4573097628831702,0.189772617431967,0.4350747309196824,0.2841690575028345,0.0486872540913481,0.0289235447298182,0.2015102639750599,0.1523336126935058,10_sp_aij_36,591973,0.1,10,16702,26,10,random
33,17.272727272727273,0.1428392316484449,0.0714861750902748,0.4634628867828968,0.1837083875766537,0.5220382139369575,0.2432118597120347,0.1385512852071146,0.0119551035696291,0.1474504495030716,0.2202922904171052,10_sp_aij_36,591973,0.1,10,16702,26,10,random
34,18.484848484848484,0.1769551868218884,0.0779280150393426,0.3491719826021076,0.20210422950486,0.5364460138672984,0.2272401824471054,0.1123807622417331,0.0138218315842225,0.1848392257647857,0.2063009711350511,10_sp_aij_36,591973,0.1,10,16702,26,10,random
35,20.0,0.1721347460951822,0.0778150239035587,0.3658731474018691,0.2304459363281261,0.5367656952651544,0.2539223552473105,0.126372768363235,0.0135544502890464,0.1669110458818635,0.2137097140553851,10_sp_aij_36,591973,0.1,10,16702,26,10,random
36,21.21212121212121,0.1944389868205209,0.1025797428365545,0.4237722677971066,0.2146105539496958,0.5771768815601318,0.2284530127213856,0.1481255218887936,0.0135117402583688,0.1966383508044959,0.1944331018469615,10_sp_aij_36,591973,0.1,10,16702,26,10,random
37,23.63636363636364,0.1532222799998975,0.0685823570347259,0.5019169079553039,0.1499505528529748,0.401294212311275,0.2494494216799118,0.1055744426979508,0.014530479140356,0.1745665499069589,0.2203501025477516,10_sp_aij_36,591973,0.1,10,16702,26,10,random
38,26.060606060606062,0.1710929221730918,0.1058758283630483,0.3180876358820361,0.1572052272869757,0.4257286771787186,0.2358597865434768,0.0890511977271968,0.0130342059674266,0.2245808953898017,0.2372863046421922,10_sp_aij_36,591973,0.1,10,16702,26,10,random
39,27.272727272727277,0.2470321489760119,0.1114997030524553,0.4266305096157905,0.1484434538233892,0.3725800969236849,0.3040350357389354,0.0929028221014583,0.012704181374406,0.1361763471681704,0.1901134695094463,10_sp_aij_36,591973,0.1,10,16702,26,10,random
40,3.6363636363636367,0.1872695063203819,0.100503341016843,0.2693622825785804,0.0679127922337451,0.3094172339388136,0.1321212934442021,0.02819655056908,0.0848039690520116,0.1702523383721144,0.0846857078367685,10_sp_aij_36,2091765,0.1,10,16702,26,10,random
41,11.212121212121213,0.1304381357545197,0.1237604437685984,0.383016776596134,0.139479892639993,0.4420276385106201,0.3110831415626142,0.037533788920835,0.0334868910937446,0.1651271659112218,0.1897143469267756,10_sp_aij_36,2091765,0.1,10,16702,26,10,random
42,13.636363636363637,0.0940495390111148,0.0735676995628974,0.344423190371961,0.1531953457574501,0.4440891118309133,0.2824612705210167,0.0884935496158869,0.0200681489187868,0.1611386236218598,0.1944819504022217,10_sp_aij_36,2091765,0.1,10,16702,26,10,random
43,14.84848484848485,0.0863373104714938,0.0693213438088399,0.3999734943173395,0.1975235783620023,0.4098369985980946,0.23996426838158,0.0882690439117073,0.012223841319903,0.1787790093891728,0.1655132536196136,10_sp_aij_36,2091765,0.1,10,16702,26,10,random
44,17.272727272727273,0.110212832240398,0.0853520957256443,0.4235807664545425,0.1427958754416068,0.3771381929200845,0.3331227903616842,0.1427124090478924,0.0102217415117216,0.1691774249330809,0.222284032731318,10_sp_aij_36,2091765,0.1,10,16702,26,10,random
45,18.484848484848484,0.0854099786411213,0.0664447385104986,0.3336883386857199,0.1282435036096275,0.3991940446894397,0.2770683771554951,0.1112308365734173,0.0159608530025957,0.1758668205861654,0.1811052393280612,10_sp_aij_36,2091765,0.1,10,16702,26,10,random
46,24.848484848484848,0.1825067590561948,0.0656486231606632,0.415849527923648,0.1381566603517113,0.6646779199728351,0.2415508352876272,0.1174968037612955,0.0083334040243435,0.2033901720736521,0.196046198083673,10_sp_aij_36,2091765,0.1,10,16702,26,10,random
47,26.060606060606062,0.1954252881445183,0.0709446839145133,0.481395439089455,0.1374140668157251,0.4076838285051919,0.3039355494059949,0.1546246008273046,0.0101290306869947,0.2282441061128585,0.2475065395013131,10_sp_aij_36,2091765,0.1,10,16702,26,10,random
48,28.484848484848484,0.1838795823277668,0.0831009649014969,0.322913667908986,0.1331521206167441,0.4529286827895208,0.2264993991130974,0.1124448405901058,0.0093901405542166,0.2032176762919699,0.1774615398695701,10_sp_aij_36,2091765,0.1,10,16702,26,10,random
49,30.0,0.2372988119442756,0.0826686023970059,0.3612423843127825,0.1033458942976166,0.4116546759039236,0.2502325596467971,0.1137405689285867,0.0078912392701917,0.1962124934453392,0.1678785950050449,10_sp_aij_36,2091765,0.1,10,16702,26,10,random
50,4.848484848484849,0.1930320345265549,0.0953524941277472,0.3154027465154564,0.0460781248119356,0.3035531420526915,0.1784845928211165,0.0312550238220104,0.0620656051235848,0.1217363800151514,0.0480571001551882,10_sp_aij_36,2369231,0.1,10,16702,26,10,random
51,7.272727272727273,0.2169244880445816,0.1613532996788097,0.3004637778223676,0.07479536562529,0.3774684716525327,0.1702972973377888,0.0214248753489771,0.0617258899627686,0.1328533541688198,0.0617973681428942,10_sp_aij_36,2369231,0.1,10,16702,26,10,random
52,10.0,0.1805890487296744,0.1479836256056123,0.2872449500899544,0.1183736277336308,0.3611110183008616,0.2525076614823127,0.0205751419848213,0.0511352226351782,0.1487831201905877,0.0595117265142809,10_sp_aij_36,2369231,0.1,10,16702,26,10,random
53,12.424242424242424,0.1719358965740061,0.1327647094755696,0.3674218417051247,0.1624631461273272,0.3118714117014223,0.2507664299171286,0.0256145107529712,0.0287506242741216,0.1777398774279167,0.0973888447401963,10_sp_aij_36,2369231,0.1,10,16702,26,10,random
54,16.060606060606062,0.1278824184744303,0.0695029152160571,0.4040007784721509,0.1279830942115552,0.3892112641363203,0.3263747637379799,0.0474430567739568,0.0290929682665216,0.1756978756396137,0.1624533787731172,10_sp_aij_36,2369231,0.1,10,16702,26,10,random
55,20.0,0.1785682056319422,0.0667084536394573,0.4010873832036459,0.1164738606985726,0.4815930354101869,0.2841324296053123,0.0776789633650468,0.0111397575594348,0.1106149720922007,0.2110538597492513,10_sp_aij_36,2369231,0.1,10,16702,26,10,random
56,22.424242424242426,0.1233204492089436,0.0839561480883895,0.4810154614730258,0.1674122570918131,0.568245697816507,0.2054536425523393,0.1239068224125644,0.0117838385384495,0.1378837983814566,0.1711602186489961,10_sp_aij_36,2369231,0.1,10,16702,26,10,random
57,26.060606060606062,0.1295133738311763,0.0684443077193648,0.361677079494368,0.1380946861240444,0.455612022506336,0.2123067193383687,0.0935282126722016,0.0096756139297088,0.1729620992499769,0.2021086694983086,10_sp_aij_36,2369231,0.1,10,16702,26,10,random
58,27.272727272727277,0.139384058173332,0.0649061714590601,0.3713940872714503,0.118033476392812,0.4343202207923497,0.2256504856216356,0.1353271614166704,0.0083865345089289,0.1804749232302829,0.2672208900748299,10_sp_aij_36,2369231,0.1,10,16702,26,10,random
59,30.0,0.2531225490040648,0.0412645047951831,0.3393993264259797,0.1304881578046179,0.4438569114111927,0.1946860649534485,0.1167986112165706,0.0080021405850307,0.119773156380342,0.272220090544385,10_sp_aij_36,2369231,0.1,10,16702,26,10,random
60,2.4242424242424243,0.1767026311950548,0.0978359966625473,0.3008381126589973,0.0120591800857411,0.1838404494017279,0.1047205530161642,0.0340300317958568,0.0120148903015879,0.1312784634669112,0.0632399259412611,10_sp_aij_36,2753893,0.1,10,16702,26,10,random
61,3.6363636363636367,0.1549617848616037,0.1033369712734041,0.282070436119785,0.0168199897833869,0.2239845418980626,0.1436576209689497,0.0471198214531627,0.013591843136488,0.1085540101586569,0.0515807760272027,10_sp_aij_36,2753893,0.1,10,16702,26,10,random
62,6.0606060606060606,0.1518490570642176,0.1231911723209943,0.3199006900555977,0.0332266346445492,0.3769385909103262,0.1905684511597583,0.0402242396784774,0.0191822020876583,0.1556859333781312,0.0536588693737698,10_sp_aij_36,2753893,0.1,10,16702,26,10,random
63,12.424242424242424,0.2061465263375974,0.0964236042525461,0.341025416164421,0.1507643995155855,0.4120163539769354,0.2459658524214928,0.0145233506861639,0.027931207597445,0.1655906437490894,0.1384173273619996,10_sp_aij_36,2753893,0.1,10,16702,26,10,random
64,14.84848484848485,0.1450336663626614,0.1014470229006642,0.4278506086087568,0.1595792513718043,0.4269142424424181,0.1970191051626518,0.0289924565198352,0.0153991979245609,0.1169475915094373,0.1373280711134358,10_sp_aij_36,2753893,0.1,10,16702,26,10,random
65,16.060606060606062,0.1480251108958432,0.1023092531952294,0.4199154192063135,0.1591415199109985,0.3841068752336485,0.1764301209589903,0.04006420913356,0.009854778975774,0.1499114028169122,0.1544893268741015,10_sp_aij_36,2753893,0.1,10,16702,26,10,random
66,20.0,0.1783046498212578,0.0766809436285446,0.448343998925125,0.1347798567681754,0.4600433534422378,0.2651542097263507,0.0973543123014805,0.0041449506345859,0.1621020904607018,0.1914321275584887,10_sp_aij_36,2753893,0.1,10,16702,26,10,random
67,24.848484848484848,0.1433211445730884,0.0636314414545118,0.3752013819136536,0.1668582613759891,0.5296785020694394,0.1904716866917602,0.1507966482669815,0.0035575823275602,0.1715522477762456,0.2044277481265682,10_sp_aij_36,2753893,0.1,10,16702,26,10,random
68,28.484848484848484,0.175368940796044,0.0636057181036951,0.39481273641919,0.1988586653559834,0.4379756603988757,0.2293002225382187,0.1156487516944876,0.0,0.1947261704173793,0.2284273572903793,10_sp_aij_36,2753893,0.1,10,16702,26,10,random
69,30.0,0.1438166178154946,0.0518345054646295,0.3907965638806587,0.1609899482284638,0.4444796492895681,0.2269082791034596,0.0979295327772348,0.0,0.1685210434549791,0.2251424220006502,10_sp_aij_36,2753893,0.1,10,16702,26,10,random
70,11.212121212121213,0.1826517300153293,0.1100535971965112,0.7037664595727698,0.1826715260290683,0.5351462054214443,0.2877405013603191,0.0,0.0214830528518576,0.1549062134678966,0.1540054887910524,10_sp_aij_36,2858482,0.1,10,16702,26,10,random
71,16.060606060606062,0.124020938860781,0.0942077962094368,0.5171291108695907,0.1680896684256824,0.4160646104287171,0.3256160508064443,0.0,0.0060276020923597,0.1262405720941964,0.2176107988955735,10_sp_aij_36,2858482,0.1,10,16702,26,10,random
72,17.272727272727273,0.1069107538944475,0.0824006277402675,0.4382120782487835,0.1956123162553938,0.4459035965862474,0.3006766073922203,0.0,0.0067152486746347,0.1555596881317758,0.215124924241464,10_sp_aij_36,2858482,0.1,10,16702,26,10,random
73,20.0,0.0845484869900121,0.079335563575655,0.3869699504080182,0.2201549336633848,0.5492818363613791,0.2537817899784759,0.0,0.0,0.1658493933756313,0.1814445015832556,10_sp_aij_36,2858482,0.1,10,16702,26,10,random
74,21.21212121212121,0.0783371621985692,0.0852254318943503,0.5341004261278505,0.2022020755183942,0.605796772875089,0.3078362952254812,0.0,0.0,0.1273197201642949,0.2037942007543654,10_sp_aij_36,2858482,0.1,10,16702,26,10,random
75,24.848484848484848,0.0866633946282811,0.0610524245368697,0.4574016790378373,0.1363787608219814,0.4974535968931373,0.3299816090652262,0.0,0.0,0.158303910158058,0.2307193243697586,10_sp_aij_36,2858482,0.1,10,16702,26,10,random
76,26.060606060606062,0.0694134604663713,0.063082877545418,0.4513510021184898,0.1522731905845384,0.5024243064323494,0.2721963493481148,0.0,0.0,0.1506484180098965,0.2181686253124018,10_sp_aij_36,2858482,0.1,10,16702,26,10,random
77,27.272727272727277,0.0644313335953918,0.0808654676378577,0.4414036004529145,0.1657899230072526,0.526212608708552,0.3381998247119864,0.0,0.0,0.1713766411881308,0.2818648973597942,10_sp_aij_36,2858482,0.1,10,16702,26,10,random
78,28.484848484848484,0.0663315666547653,0.0760787655825457,0.4085862256427968,0.1862637805667783,0.6043959293369808,0.3383853016664497,0.0,0.0,0.1395752133410707,0.2964859799932506,10_sp_aij_36,2858482,0.1,10,16702,26,10,random
79,30.0,0.059719182628553,0.0548350228214874,0.459641229582474,0.2051621612148085,0.6026992494822122,0.3044565760531492,0.0,0.0,0.1337433690065745,0.2507795623363583,10_sp_aij_36,2858482,0.1,10,16702,26,10,random
80,1.2121212121212122,0.1069057806154008,0.0958201293325618,0.0891003929265632,0.0548673720013497,0.0453912548376618,0.0135151747151819,0.0667530583722234,0.0721840892116643,0.0990761935010943,0.0897469623688629,10_sp_aij_36,2905119,0.1,10,16702,26,10,random
81,3.6363636363636367,0.1920453471919026,0.1905008002555937,0.1773890494156119,0.0780361539217753,0.2244063513100382,0.061624506074789,0.0172924619286174,0.1038412011020189,0.1715422429848923,0.0900576979310796,10_sp_aij_36,2905119,0.1,10,16702,26,10,random
82,4.848484848484849,0.2050635279592813,0.2296470046883227,0.2177811697495834,0.0875988109509053,0.3016644113365012,0.1028541318340637,0.0129049567989935,0.0834459849637117,0.1611174119307512,0.0808252876875362,10_sp_aij_36,2905119,0.1,10,16702,26,10,random
83,6.0606060606060606,0.1989767132730312,0.1930311579016067,0.2596733644750619,0.110243503674062,0.3347040860725612,0.1394942246067405,0.0086780984029892,0.0649507908644798,0.1816558577276233,0.0910186059704145,10_sp_aij_36,2905119,0.1,10,16702,26,10,random
84,7.272727272727273,0.1681450825160215,0.1984002021305009,0.2522858007560075,0.157296756642225,0.41924600286079,0.1672382574782608,0.0125697147554544,0.0423821617648944,0.2009314523711216,0.0734459200177845,10_sp_aij_36,2905119,0.1,10,16702,26,10,random
85,10.0,0.1447361639137718,0.1323095036512661,0.3132000878395845,0.1980615992283523,0.5014825836086111,0.2018974418676682,0.0152090273578248,0.0365404966077915,0.1528944340006348,0.1111785562223018,10_sp_aij_36,2905119,0.1,10,16702,26,10,random
86,17.272727272727273,0.0743180104166846,0.1030996274098211,0.4020147608931999,0.1526839385313084,0.4947166401283923,0.2322272885750459,0.0982345126900951,0.0238038025788251,0.2273245886448328,0.2026516702104496,10_sp_aij_36,2905119,0.1,10,16702,26,10,random
87,21.21212121212121,0.1097782693431977,0.0913947323873563,0.4141203113239161,0.1440048441796559,0.5325658763023953,0.3246921648355827,0.0729280129140202,0.0157001397944209,0.1537894229020619,0.1731009303638552,10_sp_aij_36,2905119,0.1,10,16702,26,10,random
88,22.424242424242426,0.1168162552220418,0.0969233782778004,0.4957512870109398,0.2000661897213345,0.4681889152013142,0.2278150141541013,0.0844511898266282,0.0128235452751326,0.1484583598401186,0.1903322949186616,10_sp_aij_36,2905119,0.1,10,16702,26,10,random
89,24.848484848484848,0.1289968033891407,0.0903700938871486,0.5183675060117111,0.1705429687945039,0.5553387915189151,0.2301074611112773,0.090222143683075,0.0126000553240838,0.1416529924953513,0.179459678768269,10_sp_aij_36,2905119,0.1,10,16702,26,10,random
90,1.2121212121212122,0.0817923886723826,0.0575498291314224,0.0939383558476924,0.0914778806985967,0.1418839292792346,0.0870449472838282,0.0315234703082539,0.0660566371396756,0.0931591192904223,0.0775823304907869,10_sp_aij_36,3049039,0.1,10,16702,26,10,random
91,2.4242424242424243,0.147088168480543,0.0725532636421969,0.1524571529151812,0.0777019223487432,0.2598638757252787,0.1001042158000343,0.0256868524404656,0.0629253685824795,0.1179107018634752,0.0992685880768603,10_sp_aij_36,3049039,0.1,10,16702,26,10,random
92,6.0606060606060606,0.2123212835890144,0.1184130198846975,0.325339389862794,0.1302194651342286,0.446407919177633,0.1878665027253387,0.0227054237125792,0.049086369716776,0.1549379897467377,0.1341488775755865,10_sp_aij_36,3049039,0.1,10,16702,26,10,random
93,7.272727272727273,0.1971979993920928,0.147612477754275,0.3608251036311081,0.150907932911826,0.4221907028177245,0.2082556096922828,0.0312378072300879,0.0485364296722109,0.1185870803576542,0.1156703501673309,10_sp_aij_36,3049039,0.1,10,16702,26,10,random
94,8.484848484848484,0.2415058364416315,0.1561824612741659,0.3798139814935566,0.1959156156298271,0.4197780294072094,0.1960234235323899,0.0425837101767449,0.0438769361284041,0.1350466636068161,0.1377256376446222,10_sp_aij_36,3049039,0.1,10,16702,26,10,random
95,10.0,0.1766905750547628,0.114799246331981,0.4299055809357164,0.2295464710291458,0.4598642656045,0.1680831839742191,0.0829355551698864,0.0407573618473565,0.1719987207026575,0.159178385168311,10_sp_aij_36,3049039,0.1,10,16702,26,10,random
96,13.636363636363637,0.1870509958573063,0.090725626233034,0.4447765304865521,0.176711218184391,0.6553431150791714,0.197854954242143,0.1731464084165474,0.0328219648118001,0.1822437618065846,0.18485166766764,10_sp_aij_36,3049039,0.1,10,16702,26,10,random
97,17.272727272727273,0.2393429232371647,0.1099238277930015,0.4243167633883931,0.1222338915083317,0.3761871138982988,0.2538410939844682,0.0810304736908135,0.0286006860950659,0.1341782360103403,0.1997680609224396,10_sp_aij_36,3049039,0.1,10,16702,26,10,random
98,26.060606060606062,0.2323903957924655,0.0646385842359757,0.4920579085615855,0.1417780161690607,0.4812811938055905,0.2427274238292222,0.2193660312775318,0.0172202536604804,0.1262968807159809,0.1799603526745298,10_sp_aij_36,3049039,0.1,10,16702,26,10,random
99,30.0,0.1922975292984793,0.0544134808291843,0.3575947594472746,0.1059016815436586,0.4801604771559915,0.1648458292637196,0.1563601921861833,0.0266733931189828,0.1502455583308922,0.1418262597921731,10_sp_aij_36,3049039,0.1,10,16702,26,10,random
100,1.2121212121212122,0.0453009664666311,0.1017745961618258,0.0717603243630392,0.0377057605876417,0.1260983150068076,0.1018899259634403,0.0081413956806318,0.0101566638052886,0.1394961291851727,0.0311246434364268,10_sp_aij_36,4211685,0.1,10,16702,26,10,random
101,3.6363636363636367,0.1487244161943729,0.1312345210220916,0.1361682343309143,0.0538669176823914,0.2941045932948704,0.1572125966311842,0.004714315444712,0.0141677833465043,0.177780143368933,0.0412286354997165,10_sp_aij_36,4211685,0.1,10,16702,26,10,random
102,4.848484848484849,0.2114640062125541,0.1499764440236904,0.2551626952503621,0.0863693148329043,0.3705381340178978,0.1552590944472848,0.0032836670946587,0.0121823192371595,0.1891890235981708,0.037376639273565,10_sp_aij_36,4211685,0.1,10,16702,26,10,random
103,10.0,0.1564815483141107,0.146424129075748,0.4348783940444587,0.1480115545795308,0.4775877246135054,0.2477536702204887,0.0053972179558838,0.0133456303029103,0.1946347580651585,0.08706761992432,10_sp_aij_36,4211685,0.1,10,16702,26,10,random
104,11.212121212121213,0.1490086938446175,0.1264785884426646,0.4776591253047265,0.234592293446005,0.4671649849313868,0.2567443447805767,0.0056162529546815,0.0111647659100497,0.1682122463355933,0.1356216140246225,10_sp_aij_36,4211685,0.1,10,16702,26,10,random
105,13.636363636363637,0.1438745947474392,0.0758915896571768,0.4996602031158014,0.2227484695226816,0.4303525605477053,0.2765811348268496,0.0130229698965345,0.0065522290195702,0.1254039370748245,0.253398051937948,10_sp_aij_36,4211685,0.1,10,16702,26,10,random
106,20.0,0.1587008176169047,0.0420989222894869,0.4462909263442682,0.1403013577779261,0.5545045891456293,0.2139594678236289,0.1599647483222565,0.0,0.2077708002986113,0.1911131083471075,10_sp_aij_36,4211685,0.1,10,16702,26,10,random
107,21.21212121212121,0.1656400068792224,0.0370474409657226,0.3894521382253988,0.1191756669470919,0.4793092018280933,0.2448975869378271,0.1664423410658864,0.0,0.1586903685906681,0.201240302434998,10_sp_aij_36,4211685,0.1,10,16702,26,10,random
108,23.63636363636364,0.1679164602346762,0.0404396594589192,0.2985208776271488,0.1854139414708274,0.4798694848090489,0.2410526396296356,0.1114660854744425,0.0,0.1737431119600256,0.1776012511639122,10_sp_aij_36,4211685,0.1,10,16702,26,10,random
109,26.060606060606062,0.179852292686258,0.0380770934408584,0.3324029176079793,0.1366472418189108,0.4458867186025933,0.2562355466123126,0.1378244347122988,0.0,0.1778491731716015,0.205514505475256,10_sp_aij_36,4211685,0.1,10,16702,26,10,random
110,0.0,0.08,0.01,0.05,0.03,0.08,0.01,0.01,0.02,0.01,0.02,10_sp_aij_36,4240255,0.1,10,16702,26,10,random
111,1.2121212121212122,0.1450570850128101,0.0129122763753616,0.1168704099378302,0.0318708224521181,0.1383945959462637,0.0147265987340032,0.0133368383699595,0.0247476490605618,0.0189946270597377,0.026929880061225,10_sp_aij_36,4240255,0.1,10,16702,26,10,random
112,4.848484848484849,0.2560815954526731,0.0591067551183848,0.2576759293465248,0.0200008351199483,0.277410873813591,0.0330447478111036,0.0468426411252462,0.0442398495901559,0.058991226220071,0.0638455481110933,10_sp_aij_36,4240255,0.1,10,16702,26,10,random
113,6.0606060606060606,0.2338227261033507,0.0835597967547062,0.2866065333835002,0.0304779300014791,0.3060169321630616,0.0529633610890303,0.0477338799335509,0.0414014524266619,0.0974195429151895,0.0825579472158238,10_sp_aij_36,4240255,0.1,10,16702,26,10,random
114,8.484848484848484,0.2214975306099608,0.1559681747594768,0.2579381920426367,0.0487888389315801,0.3007559967127797,0.1024218537801103,0.0392180219743074,0.04437550518612,0.1483591518685305,0.1428284657038274,10_sp_aij_36,4240255,0.1,10,16702,26,10,random
115,14.84848484848485,0.1375764611820121,0.1306720090950705,0.2911695569889763,0.1385075859474016,0.395858881980735,0.2010184242617619,0.0755398657121839,0.0400319946346051,0.1752014371051409,0.1471652554980893,10_sp_aij_36,4240255,0.1,10,16702,26,10,random
116,23.63636363636364,0.1186364951148796,0.0529141778773173,0.3886613385896497,0.1493630844677289,0.5085230527291597,0.2132833563538551,0.1011622283222923,0.0133798133922673,0.1503122099989877,0.1549284629452406,10_sp_aij_36,4240255,0.1,10,16702,26,10,random
117,26.060606060606062,0.1596439298446852,0.0639268856222522,0.3798731567465448,0.149606515158639,0.479161538093285,0.281056228483966,0.1042454857274444,0.0084411455473408,0.1403548414157563,0.2093600193154162,10_sp_aij_36,4240255,0.1,10,16702,26,10,random
118,28.484848484848484,0.1538680714899294,0.0784019774720208,0.3501420333027357,0.1359091807586873,0.3864441170972679,0.2136992788619098,0.1048526106245635,0.0053239639251154,0.2185866003404198,0.2461931304863794,10_sp_aij_36,4240255,0.1,10,16702,26,10,random
119,30.0,0.1705792906476544,0.112778976723308,0.3532424777699584,0.1549217985586087,0.510314573933575,0.2246265397629766,0.0801544692953125,0.0073951919060197,0.1610538490947444,0.2483092151203381,10_sp_aij_36,4240255,0.1,10,16702,26,10,random
120,6.0606060606060606,0.1833962413130923,0.0974668861639798,0.367850225755652,0.0792873774758071,0.3431899172022415,0.1121280577561504,0.0995888139055186,0.0568534270147102,0.138897717074082,0.0965492574065625,10_sp_aij_36,5140131,0.1,10,16702,26,10,random
121,8.484848484848484,0.2553839891037591,0.1008150359319117,0.2636620905175972,0.11615711214825,0.3865146755989225,0.1836543066416035,0.0963587364667665,0.0533042011794849,0.1522739337172772,0.1217092331468496,10_sp_aij_36,5140131,0.1,10,16702,26,10,random
122,10.0,0.2684223671856838,0.1089115292290569,0.2864014434376764,0.1504370341553393,0.3191387959083654,0.1536873611796296,0.0861757983667755,0.072169030601118,0.1617403232305089,0.1517452898226671,10_sp_aij_36,5140131,0.1,10,16702,26,10,random
123,11.212121212121213,0.2365457930695712,0.1351451158608759,0.3231062913698065,0.1667594385347739,0.4514643957904897,0.1265731489146449,0.1176466687656119,0.0679759402123303,0.1910600823861184,0.2076427106468522,10_sp_aij_36,5140131,0.1,10,16702,26,10,random
124,14.84848484848485,0.1771465749501721,0.1050468571169213,0.4292741919027514,0.1817467106177159,0.5141040697185348,0.2133233122141458,0.0941622742402492,0.05533205794055,0.1645318642613733,0.144239153028278,10_sp_aij_36,5140131,0.1,10,16702,26,10,random
125,17.272727272727273,0.1690911738968178,0.0822441122761083,0.5384225254631592,0.2058513414004186,0.4091953459816703,0.2064657870205585,0.1752661990062325,0.0570244096739963,0.1432494724162526,0.2536734479293611,10_sp_aij_36,5140131,0.1,10,16702,26,10,random
126,20.0,0.1957519174166609,0.1063405300673707,0.3833669703604817,0.1567857945996558,0.5538690839199114,0.2388796206850593,0.129866039440441,0.0646254822645303,0.2013605052707449,0.1709126672982565,10_sp_aij_36,5140131,0.1,10,16702,26,10,random
127,26.060606060606062,0.1637333217227604,0.0698702883795632,0.3763168903803084,0.1373718030047627,0.5701221905298597,0.2296518905317613,0.1214865214941314,0.0501919606510639,0.1936066450310357,0.1910454323589039,10_sp_aij_36,5140131,0.1,10,16702,26,10,random
128,28.484848484848484,0.1606297301945162,0.0634873419091303,0.3678479293342278,0.1307681278317433,0.4816878352394453,0.2932509644062079,0.0717412326238231,0.041607237793284,0.1586460117524705,0.2524489344422101,10_sp_aij_36,5140131,0.1,10,16702,26,10,random
129,30.0,0.2126522322860958,0.0907854340811368,0.4058495998558222,0.1377800199543892,0.4923813402250553,0.242149683850827,0.1002837775683715,0.0310281194727393,0.1283738830480014,0.2467909138676938,10_sp_aij_36,5140131,0.1,10,16702,26,10,random
130,1.2121212121212122,0.0863951411550084,0.0991715066657878,0.0500552645172767,0.0552285384719461,0.0669684896794478,0.0271064943420436,0.0777541891041278,0.1015741593837004,0.019299414757098,0.0321305182776578,10_sp_aij_36,5576645,0.1,10,16702,26,10,random
131,4.848484848484849,0.2480364420531205,0.131633463699805,0.2281159641822709,0.0620828517674673,0.2652005691789992,0.0467974504775749,0.0567986622266908,0.0598745045330523,0.1030095320493186,0.0599836158310444,10_sp_aij_36,5576645,0.1,10,16702,26,10,random
132,6.0606060606060606,0.2074041180844842,0.1502189386574758,0.2780587875872218,0.0799817180406956,0.3268964497540755,0.0636134621636514,0.0535651757297022,0.0437221319822935,0.1385646859732866,0.0731838189755831,10_sp_aij_36,5576645,0.1,10,16702,26,10,random
133,7.272727272727273,0.2667613849831293,0.1384512079289761,0.3023199642875654,0.0841607834463137,0.4145897023506436,0.1010317975682878,0.0591531959872235,0.0474003157183826,0.1440094456921026,0.1228156764870326,10_sp_aij_36,5576645,0.1,10,16702,26,10,random
134,10.0,0.2258704881551042,0.1534926976636762,0.3396747157119279,0.1024664291283741,0.4262907148431402,0.1599293745865013,0.1012767483348852,0.0597697947280417,0.1585911604648603,0.2267281218670673,10_sp_aij_36,5576645,0.1,10,16702,26,10,random
135,13.636363636363637,0.1939556935434568,0.1202140605585946,0.3558381399617496,0.1379754635524135,0.5261517692331835,0.2776530966971807,0.0626500319493156,0.0354243362286361,0.137453369157308,0.1568811600444735,10_sp_aij_36,5576645,0.1,10,16702,26,10,random
136,18.484848484848484,0.1834675809355833,0.0712070654070128,0.3615231990556693,0.2128921219489325,0.4862660260417784,0.2491524156552016,0.1281702480066933,0.0164538325201219,0.137244546736819,0.2648530968935628,10_sp_aij_36,5576645,0.1,10,16702,26,10,random
137,20.0,0.1892501451938686,0.0704087136988249,0.4008890620589853,0.1789577267444072,0.3671305715200051,0.2688846160513858,0.1351835415738932,0.0177607663652151,0.1598909374807463,0.243914393437777,10_sp_aij_36,5576645,0.1,10,16702,26,10,random
138,22.424242424242426,0.2125811611680731,0.0422815366740992,0.5114153389795404,0.147473085037378,0.5449635908018008,0.2464740985742227,0.1409074087966263,0.0317433126664066,0.0994709365630593,0.1941430727257466,10_sp_aij_36,5576645,0.1,10,16702,26,10,random
139,24.848484848484848,0.2857533470059498,0.0447650202103338,0.4106538344572208,0.1325175162133885,0.5003633902202457,0.2064931692083016,0.1674306306734869,0.0313921753671375,0.1515020860174148,0.1564613610146538,10_sp_aij_36,5576645,0.1,10,16702,26,10,random
140,1.2121212121212122,0.0880187994668725,0.0613028856792267,0.0270913398202063,0.0232368382758355,0.1948006504430185,0.0376770816994026,0.0513874898874523,0.1003738671685945,0.1106088600322788,0.0341073520703338,10_sp_aij_36,5589942,0.1,10,16702,26,10,random
141,3.6363636363636367,0.2653131745276165,0.1655035468446087,0.106831789786503,0.0270278440048836,0.2426602659510825,0.060616990769796,0.0289246930577813,0.0802624427830155,0.1487259046587269,0.0781750289593767,10_sp_aij_36,5589942,0.1,10,16702,26,10,random
142,6.0606060606060606,0.1696255541421472,0.1670033180922426,0.1896931926449251,0.042740361224882,0.2545934216066347,0.1341495395691708,0.0215269182793813,0.0734880514294059,0.1652464054899612,0.0784553178916231,10_sp_aij_36,5589942,0.1,10,16702,26,10,random
143,7.272727272727273,0.1422886777404582,0.1682055561663431,0.1928606888925455,0.0715231483023566,0.281628029106073,0.1551150510923538,0.0127587104681353,0.0671916604376626,0.1508615007225562,0.0856223830116883,10_sp_aij_36,5589942,0.1,10,16702,26,10,random
144,13.636363636363637,0.1106893589821741,0.1072168823516525,0.3768102029880174,0.1676178513723486,0.4506355562175016,0.2533638787117311,0.013992565838749,0.0281040044334796,0.1742727910195637,0.1164172188815276,10_sp_aij_36,5589942,0.1,10,16702,26,10,random
145,16.060606060606062,0.1149341346859806,0.0836570703141557,0.5175957480464305,0.2407968629258682,0.4534380406106367,0.2825555691632226,0.0324836827465493,0.0157710958864151,0.2200368756055097,0.159854457239485,10_sp_aij_36,5589942,0.1,10,16702,26,10,random
146,21.21212121212121,0.1862205072301034,0.0791081222128071,0.5151406540621363,0.1796133559786473,0.5887313479688907,0.2867439174785774,0.1085747232597502,0.006261355043522,0.1277041790837661,0.1872143754003292,10_sp_aij_36,5589942,0.1,10,16702,26,10,random
147,22.424242424242426,0.1556449720054185,0.0550542810217737,0.5051132490222461,0.1901603356082487,0.5566162086722519,0.2474792917750653,0.1390758204139768,0.0048406434410644,0.1563767271747253,0.2158214100288172,10_sp_aij_36,5589942,0.1,10,16702,26,10,random
148,27.272727272727277,0.1638995730716296,0.1008623993839397,0.346324058836011,0.1381828568647573,0.5227015445602512,0.2264689826525735,0.141396232981959,0.0057097475132147,0.2247799244418241,0.1920793660282438,10_sp_aij_36,5589942,0.1,10,16702,26,10,random
149,30.0,0.2077677457589353,0.0771856460311963,0.339443555735786,0.153474293458896,0.4446226879551723,0.2055828981087597,0.095128302690721,0.0081725169056674,0.1640733577410518,0.2167721363400898,10_sp_aij_36,5589942,0.1,10,16702,26,10,random
150,0.0,0.06,0.05,0.04,0.02,0.03,0.06,0.08,0.09,0.06,0.05,10_sp_aij_36,6550368,0.1,10,16702,26,10,random
151,1.2121212121212122,0.1151909683487524,0.0629129662090859,0.0678698240498619,0.0228189170612326,0.0749842219542079,0.0775152604281855,0.0720693754109072,0.1020682168249778,0.0991298050219473,0.0457460189627097,10_sp_aij_36,6550368,0.1,10,16702,26,10,random
152,2.4242424242424243,0.2009499477256396,0.0925039317451535,0.0914769341533292,0.0285074395009267,0.1744450012533915,0.078613038147388,0.0516836125123158,0.119000274152359,0.1277974456950123,0.0518970657174957,10_sp_aij_36,6550368,0.1,10,16702,26,10,random
153,7.272727272727273,0.1736625633794216,0.1704690078995758,0.3084322206799572,0.0770036695707599,0.3020211832348167,0.17440285443546,0.0434488012978713,0.049473456936858,0.1711698365595831,0.1042808343955558,10_sp_aij_36,6550368,0.1,10,16702,26,10,random
154,11.212121212121213,0.1272569928148767,0.152114768718611,0.3750599667456496,0.1735325487384815,0.4330126270732825,0.2676334518389118,0.0392917653512311,0.0476917950367492,0.1936319656471735,0.1628628473176036,10_sp_aij_36,6550368,0.1,10,16702,26,10,random
155,12.424242424242424,0.1325897105898665,0.0954621531638436,0.3178769826044467,0.1715311152697763,0.3875261258341064,0.2138802049655169,0.0361679505009317,0.0412304831800189,0.2287315200819021,0.1346229357026295,10_sp_aij_36,6550368,0.1,10,16702,26,10,random
156,20.0,0.1410884093218896,0.0764904923816731,0.5414841051942617,0.1568361809444889,0.3962015645827247,0.233723585489928,0.0748978511313892,0.0087285149311864,0.1660627892643206,0.2501555656489271,10_sp_aij_36,6550368,0.1,10,16702,26,10,random
157,24.848484848484848,0.1818912608325897,0.075264984873184,0.4124632567334867,0.2578521845162258,0.5162415835030568,0.3170535361069822,0.1445233234291094,0.0168540462517592,0.2033537463427097,0.3523964097453464,10_sp_aij_36,6550368,0.1,10,16702,26,10,random
158,26.060606060606062,0.1709231227433968,0.0678226632707623,0.4168124276176672,0.1837175929375225,0.5004077738035251,0.3164976869634357,0.1672374851885319,0.0152223061986489,0.1993218326617849,0.2818954998289554,10_sp_aij_36,6550368,0.1,10,16702,26,10,random
159,30.0,0.1410133251326968,0.0533038651566031,0.3819049162122558,0.1628952492133131,0.5088837074310377,0.258589996471034,0.0930148944111134,0.0144799690735325,0.1702862759555873,0.2461485478056911,10_sp_aij_36,6550368,0.1,10,16702,26,10,random
160,1.2121212121212122,0.1110994178631804,0.0619474306193461,0.1261032419793773,0.0567211014059289,0.0977153523642135,0.0511682383250396,0.020900413025724,0.0848882871345361,0.1143414277237874,0.0544798888457153,10_sp_aij_36,8493390,0.1,10,16702,26,10,random
161,4.848484848484849,0.2972854324381081,0.157664076561163,0.2734724449246496,0.0817579875790354,0.2933382087947982,0.1961013814522109,0.0255528685318225,0.0782747756297451,0.1623136140751007,0.110170789143641,10_sp_aij_36,8493390,0.1,10,16702,26,10,random
162,6.0606060606060606,0.2225245259181825,0.1754123063283943,0.3163573034351744,0.0837099565075256,0.254728963050854,0.2022744702895549,0.0279152307736429,0.074757678814973,0.1304785474681266,0.1190382970450112,10_sp_aij_36,8493390,0.1,10,16702,26,10,random
163,7.272727272727273,0.1853318858818667,0.1464722149229224,0.3168183059160367,0.0827328877974159,0.3072241849052534,0.1638085738311671,0.0287481861438581,0.0461956525431841,0.1926982661322217,0.1478633726379908,10_sp_aij_36,8493390,0.1,10,16702,26,10,random
164,8.484848484848484,0.198985184275496,0.146620991619043,0.3427751385241419,0.1376399010281921,0.3585216642826425,0.1708697667823341,0.027618579736249,0.0455905075334027,0.2018401040999981,0.1710267211312328,10_sp_aij_36,8493390,0.1,10,16702,26,10,random
165,18.484848484848484,0.0901667260955202,0.0847092537466705,0.446825411177484,0.2451002047136313,0.5708506742669638,0.2504103735748511,0.0904999786098995,0.0193154796474832,0.1193349081553074,0.1936650691558462,10_sp_aij_36,8493390,0.1,10,16702,26,10,random
166,24.848484848484848,0.2264952957754828,0.0696495322238806,0.4512030617365786,0.1062560059911586,0.5857868986442534,0.2902276351421942,0.1691011259355571,0.0096848734064355,0.1163358066410884,0.2493384854627317,10_sp_aij_36,8493390,0.1,10,16702,26,10,random
167,26.060606060606062,0.1696284859497402,0.0409894060433189,0.3764747277936877,0.1303242542075944,0.428660210938369,0.272372361831193,0.1410714659395475,0.008053041299028,0.1329464912593964,0.2565373643684799,10_sp_aij_36,8493390,0.1,10,16702,26,10,random
168,27.272727272727277,0.1586411000910115,0.0475991274231813,0.388737608864689,0.1593859894145847,0.4477329110590158,0.20262192965158,0.1400814179797767,0.0107236656658748,0.1674416860283408,0.2433063562965079,10_sp_aij_36,8493390,0.1,10,16702,26,10,random
169,30.0,0.2026359605146521,0.0605871464124057,0.4943892214604163,0.1518773429429507,0.5580812974683593,0.2180748068859327,0.1342120047077702,0.0082274182170485,0.1864313047396482,0.1872549745306317,10_sp_aij_36,8493390,0.1,10,16702,26,10,random
170,3.6363636363636367,0.1606521658211795,0.1579277772818368,0.3022827590605376,0.0711092837347559,0.2405674645941524,0.1543983368383802,0.0356088981507626,0.0191098728636872,0.1293197954160703,0.0325437292229891,10_sp_aij_36,8982779,0.1,10,16702,26,10,random
171,4.848484848484849,0.2373323378453716,0.1503877757649117,0.2934557010418457,0.0993900018362577,0.4044555815972913,0.1761973683376662,0.0477012141713679,0.0213075345748187,0.1298292423395561,0.0491146198222184,10_sp_aij_36,8982779,0.1,10,16702,26,10,random
172,8.484848484848484,0.1754029147265435,0.1045807082194515,0.3475283110084997,0.1694390537454393,0.4320421464094576,0.1558164191040579,0.0562530310482513,0.0233918400255257,0.1564701167479532,0.1453066706118397,10_sp_aij_36,8982779,0.1,10,16702,26,10,random
173,12.424242424242424,0.1825346606654261,0.1057997047351072,0.4201363196543569,0.2146602323047311,0.4153918803739485,0.1912530865845895,0.1190943755051352,0.0143271314785394,0.2007446164542145,0.1883204191725818,10_sp_aij_36,8982779,0.1,10,16702,26,10,random
174,17.272727272727273,0.188382137636847,0.1102427592996171,0.4332433570397006,0.2230963186871803,0.4685922268777674,0.2316327084153054,0.172346597440115,0.01215208330109,0.1435726274252512,0.1991721246686001,10_sp_aij_36,8982779,0.1,10,16702,26,10,random
175,18.484848484848484,0.2090701008684462,0.1316808194061814,0.4360456741752887,0.1776379593061722,0.5096000087516646,0.1995019874484591,0.161246843114155,0.0136458710255895,0.1319829376505155,0.2115663114134634,10_sp_aij_36,8982779,0.1,10,16702,26,10,random
176,23.63636363636364,0.1522089603603122,0.1334118198835299,0.3150380026681348,0.1578798569673682,0.4710181311524689,0.1853739716998886,0.1105739106006415,0.0078374038908792,0.1705344916729069,0.1667650280081176,10_sp_aij_36,8982779,0.1,10,16702,26,10,random
177,24.848484848484848,0.1691327325970555,0.0982958142460965,0.3943562342681317,0.1473695792365614,0.5334953627621147,0.2171910329921507,0.088322606989512,0.0083392549487903,0.1515549937002256,0.1908891106992673,10_sp_aij_36,8982779,0.1,10,16702,26,10,random
178,27.272727272727277,0.1668499993949493,0.0619107267445158,0.3879511307647329,0.1362251349898422,0.5029004349788204,0.2407345645829889,0.121570204106291,0.0079654257533676,0.1916633826886015,0.1877231599396495,10_sp_aij_36,8982779,0.1,10,16702,26,10,random
179,30.0,0.1626318612131437,0.0638300393772079,0.4131491120794054,0.1765829767263607,0.581927942112931,0.2368932263737026,0.1492493357261844,0.0071225841904736,0.1334458174065868,0.2698258164184115,10_sp_aij_36,8982779,0.1,10,16702,26,10,random
180,1.2121212121212122,0.1613757862189268,0.1175301979193524,0.1066010650179788,0.0651091013973102,0.1937398349853888,0.0999406463039093,0.0382612691123191,0.0888226958195332,0.054041281992335,0.0423959475365053,10_sp_aij_36,9036584,0.1,10,16702,26,10,random
181,2.4242424242424243,0.1787239745437805,0.1395380488495611,0.2122463973893481,0.0659709918841953,0.3158272011383382,0.1116040531483304,0.0394570583851952,0.0688612896769322,0.0960133792477489,0.0608228832911214,10_sp_aij_36,9036584,0.1,10,16702,26,10,random
182,6.0606060606060606,0.1714691826855532,0.1408075452807634,0.2682264057679202,0.1002143347408798,0.3172397539688151,0.2757881444368312,0.0621842056560264,0.0360239865821117,0.1932359328944013,0.1279593756315601,10_sp_aij_36,9036584,0.1,10,16702,26,10,random
183,7.272727272727273,0.1238237217477731,0.103967589701092,0.3102781182190215,0.108846921224178,0.4500521392453799,0.2631535915734542,0.0426414163885423,0.0259085390129125,0.2010592432159583,0.1078468596968447,10_sp_aij_36,9036584,0.1,10,16702,26,10,random
184,8.484848484848484,0.1495188221745552,0.0897863352172428,0.347974077102456,0.1547286730417198,0.4260893178912313,0.2350044052748247,0.0355321453951442,0.0195227196710262,0.1416829636396393,0.1012327219542452,10_sp_aij_36,9036584,0.1,10,16702,26,10,random
185,14.84848484848485,0.1319543176299098,0.0927048498137903,0.3833820235491271,0.1468926965622655,0.4614578589078892,0.330430931024605,0.0395243310340735,0.0092188282470905,0.1768849286426433,0.1793409945323779,10_sp_aij_36,9036584,0.1,10,16702,26,10,random
186,17.272727272727273,0.1848776484116348,0.1027681754865315,0.3924110434654491,0.2046709744921518,0.4624077226536712,0.3081049532101776,0.0446498011375538,0.010553117789707,0.1522510753360347,0.1824325603973212,10_sp_aij_36,9036584,0.1,10,16702,26,10,random
187,18.484848484848484,0.1328593588578237,0.071199410557812,0.4881385401582214,0.1942736718131423,0.4309509810707908,0.2642358881521192,0.0579064889934685,0.0159093964045194,0.1656042527733511,0.1816389165656349,10_sp_aij_36,9036584,0.1,10,16702,26,10,random
188,22.424242424242426,0.1854510401753192,0.0906429205681584,0.4094852623706521,0.1456799898706747,0.4569477624502353,0.3112601646239954,0.0574483833008078,0.0122500240605208,0.1682216836325256,0.1585188692325519,10_sp_aij_36,9036584,0.1,10,16702,26,10,random
189,30.0,0.1062121554251432,0.0653284005365704,0.445838611991005,0.1519084820707262,0.3926609545070887,0.3047333766065305,0.1067132265841172,0.0091529952131541,0.1367713280319184,0.1705770715380301,10_sp_aij_36,9036584,0.1,10,16702,26,10,random
190,3.6363636363636367,0.3087438765944783,0.2072042622370273,0.1007733607381356,0.0605200977577862,0.2415754669963669,0.0683695900754792,0.0092582518468115,0.1032986115886994,0.1502962559725441,0.0109520751808899,10_sp_aij_36,9275155,0.1,10,16702,26,10,random
191,6.0606060606060606,0.237557027939374,0.1943734333140975,0.2223734303459461,0.1179337155524248,0.3776383172958546,0.1097951980863135,0.0068057596527771,0.0916344177389265,0.1860833967577178,0.0275839355670649,10_sp_aij_36,9275155,0.1,10,16702,26,10,random
192,10.0,0.2070433600306327,0.1365592212048617,0.2878458025976507,0.1601831074012931,0.3606939368607549,0.2317917554231967,0.0025839918764449,0.0434703854683992,0.1466056233962896,0.0440273173623622,10_sp_aij_36,9275155,0.1,10,16702,26,10,random
193,12.424242424242424,0.1959869574549923,0.1165358470313501,0.4674298596302048,0.1404365407296695,0.42756866318625,0.2773880881357032,0.0,0.0218296661132258,0.1066004105495752,0.1032645219473392,10_sp_aij_36,9275155,0.1,10,16702,26,10,random
194,20.0,0.1169550812788323,0.1124942728791475,0.3774826788736544,0.1022784663191895,0.3395573104755194,0.2823094576535963,0.0,0.013956901128809,0.138216757171457,0.1321587691992203,10_sp_aij_36,9275155,0.1,10,16702,26,10,random
195,21.21212121212121,0.0910196823049858,0.0837136515883469,0.4549915826016686,0.1362090605452335,0.4117227577991025,0.2581428555192791,0.0,0.0129615290031678,0.1316649233176562,0.1333133022003269,10_sp_aij_36,9275155,0.1,10,16702,26,10,random
196,22.424242424242426,0.1209474396987559,0.0922438997578048,0.3529100687266208,0.1959210573238177,0.5058205434793259,0.2415318851192082,0.0,0.0089412673204072,0.1476019317975178,0.1318993343994266,10_sp_aij_36,9275155,0.1,10,16702,26,10,random
197,24.848484848484848,0.1156185796163114,0.098529351817154,0.3518331216627506,0.1463492955762544,0.5501950495281894,0.2594448282376192,0.0,0.0048944821100707,0.1275410326609035,0.1296936326907916,10_sp_aij_36,9275155,0.1,10,16702,26,10,random
198,27.272727272727277,0.1401221374481052,0.0861138079165362,0.4281841129292821,0.1946116804431268,0.3673563822294047,0.1902944075131882,0.0,0.0,0.1672962685862544,0.1114330976354422,10_sp_aij_36,9275155,0.1,10,16702,26,10,random
199,30.0,0.109627789918268,0.1115413296818927,0.4211576793388878,0.1976797264504563,0.4691314655513569,0.2720828471852249,0.0,0.0,0.1579836396815118,0.1703509815616908,10_sp_aij_36,9275155,0.1,10,16702,26,10,random
200,0.0,0.06,0.06,0.01,0.01,0.01,0.08,0.08,0.04,0.04,0.05,10_sp_aij_36,9845126,0.1,10,16702,26,10,random
201,1.2121212121212122,0.1457674951339505,0.093837013707199,0.0255001109922546,0.0118729270865637,0.0303170599079212,0.090606462981457,0.0407054916298605,0.0441095238631781,0.0601760518422013,0.0367139193253115,10_sp_aij_36,9845126,0.1,10,16702,26,10,random
202,4.848484848484849,0.2119486679120491,0.1339165827334887,0.1832379387093378,0.0227618324161765,0.212786289604995,0.1727947615608938,0.0127035550560233,0.0445803633268119,0.1540697289587201,0.0385097509727829,10_sp_aij_36,9845126,0.1,10,16702,26,10,random
203,6.0606060606060606,0.1692164919236232,0.1428110494469331,0.2050598892994345,0.0327172853626107,0.2500393494608208,0.2291199089881662,0.0100796612625643,0.0287542897372424,0.1677766900249426,0.0414846856712727,10_sp_aij_36,9845126,0.1,10,16702,26,10,random
204,7.272727272727273,0.1763845585571806,0.1294776056921973,0.2575149208828844,0.0428627357767618,0.2640756754451117,0.1806032658314409,0.0075430618318412,0.0364384996252967,0.1352646961355002,0.0448727968808521,10_sp_aij_36,9845126,0.1,10,16702,26,10,random
205,13.636363636363637,0.1409091508591221,0.1622878617120624,0.4424015125068366,0.1128446621028024,0.4246797114819763,0.2662896235839413,0.0090600091002579,0.0271217918191772,0.1862489056158166,0.1235704417043025,10_sp_aij_36,9845126,0.1,10,16702,26,10,random
206,17.272727272727273,0.1648310274125734,0.081083372448873,0.4754950012337836,0.1284281098990594,0.375075040784238,0.2541461121507005,0.0390306197866254,0.0187321790588284,0.116146376072254,0.154324965523377,10_sp_aij_36,9845126,0.1,10,16702,26,10,random
207,21.21212121212121,0.127605581780362,0.0804633600618139,0.3523330679325746,0.1809003599935295,0.5509846980740418,0.2998152525157505,0.094943580552273,0.0082398439015657,0.1083594501674946,0.2154984152893863,10_sp_aij_36,9845126,0.1,10,16702,26,10,random
208,22.424242424242426,0.1623050169442906,0.0766228404082094,0.4789639737854408,0.1364269927732881,0.4048818768884762,0.2844228726331907,0.1002797633891777,0.0064260931634517,0.108384956608118,0.2418445686938777,10_sp_aij_36,9845126,0.1,10,16702,26,10,random
209,26.060606060606062,0.17242983066481,0.100111673408445,0.3061338777006845,0.1229265777944787,0.3586559965917202,0.2399891486479253,0.0707108758839513,0.0040935231418319,0.1527450046474827,0.196316945042675,10_sp_aij_36,9845126,0.1,10,16702,26,10,random
210,2.4242424242424243,0.1513529726365866,0.1383545920629509,0.1032712787142614,0.058623018768685,0.2234598565424036,0.1334222858297094,0.0304837255047996,0.0813501295799946,0.1273303837425329,0.0875526881977207,10_sp_aij_36,10011807,0.1,10,16702,26,10,random
211,4.848484848484849,0.1588246771297436,0.1829914445229007,0.3228195664732077,0.1374891593952064,0.42044082324383,0.1742858788283752,0.0207459580143291,0.0479304439651956,0.1307024007321334,0.0831679507998625,10_sp_aij_36,10011807,0.1,10,16702,26,10,random
212,6.0606060606060606,0.2192835278706765,0.1792105227868554,0.3604075276398894,0.1539475132005426,0.4288353720894918,0.1719699001987932,0.0322051924699343,0.0344308347469987,0.0928124188526664,0.1029503402850506,10_sp_aij_36,10011807,0.1,10,16702,26,10,random
213,10.0,0.1427315435979356,0.076064831951422,0.3708813324884574,0.1913601999399279,0.3904543741111088,0.240210076056987,0.0762289172904928,0.029751551170503,0.1279048048889202,0.1492125568702597,10_sp_aij_36,10011807,0.1,10,16702,26,10,random
214,11.212121212121213,0.0998516244537178,0.0688701393300687,0.5087457310682753,0.1180365121278248,0.457941203506258,0.2459217898811777,0.104275031804143,0.0319680279939717,0.1327903634887708,0.1903153971222312,10_sp_aij_36,10011807,0.1,10,16702,26,10,random
215,13.636363636363637,0.1260648623180194,0.1054729308864977,0.3936189616240211,0.1185821000385375,0.3711648515758497,0.1731402897247023,0.065497191519475,0.0248150995042835,0.1301392219125042,0.1985476558816675,10_sp_aij_36,10011807,0.1,10,16702,26,10,random
216,17.272727272727273,0.1761355310031926,0.0952794018190665,0.3847002353716103,0.1106981931548437,0.3666163048241139,0.1750698962701686,0.1419818703351229,0.0233752010665742,0.1504427847510335,0.1685826563725497,10_sp_aij_36,10011807,0.1,10,16702,26,10,random
217,22.424242424242426,0.1235745427012562,0.0596155942534308,0.3755700654574713,0.1844355455201295,0.4870380719400684,0.1880623693315745,0.1480131232536699,0.0124567749670021,0.1515200465799317,0.1494235721109107,10_sp_aij_36,10011807,0.1,10,16702,26,10,random
218,23.63636363636364,0.1545962803403637,0.0490002421368451,0.3678535517437497,0.1545191213296032,0.4964660229562257,0.1712127537710001,0.1234131705392834,0.0138440911496271,0.1771641974709024,0.2359532066155588,10_sp_aij_36,10011807,0.1,10,16702,26,10,random
219,27.272727272727277,0.2370757839862026,0.0674912852685534,0.2877525583147024,0.2127397191109035,0.4473145152113861,0.182153891624495,0.1568538247693266,0.0131761029333265,0.1632484408319377,0.1984061169654719,10_sp_aij_36,10011807,0.1,10,16702,26,10,random
220,1.2121212121212122,0.0573430829887403,0.0816681793076835,0.1626879268512439,0.0867345865218453,0.1353103435629233,0.0831598130330035,0.051414415585259,0.0607976194676817,0.019178923282333,0.0310177428423958,10_sp_aij_36,10488077,0.1,10,16702,26,10,random
221,2.4242424242424243,0.120312464005564,0.1169627237394039,0.2583341453777995,0.0708397971623519,0.199224295421009,0.120375482576731,0.0650088594213497,0.0669051390398663,0.04364941520063,0.0373657218281113,10_sp_aij_36,10488077,0.1,10,16702,26,10,random
222,4.848484848484849,0.2431798946228942,0.147270451051853,0.3939231565217269,0.1395733836178304,0.3784807177309204,0.2152474363233638,0.1037466649174181,0.0724921096178442,0.1093716075258783,0.0855756993943408,10_sp_aij_36,10488077,0.1,10,16702,26,10,random
223,6.0606060606060606,0.2474366789461557,0.1095072938235408,0.4377035288433579,0.1162383887895109,0.3628483924247336,0.2550630901552443,0.1066052184552151,0.0762314405138315,0.1085078780993768,0.1080654880694981,10_sp_aij_36,10488077,0.1,10,16702,26,10,random
224,11.212121212121213,0.1903097667336392,0.1604935143740629,0.3679628035635636,0.1474949409667432,0.3695727928192627,0.2661990301888731,0.0410492456405804,0.0766189206015077,0.1131563415819401,0.1264677515542335,10_sp_aij_36,10488077,0.1,10,16702,26,10,random
225,13.636363636363637,0.1533193446056949,0.1345392830937992,0.4637591085636517,0.1803167587631202,0.6728536361361735,0.2351622284405352,0.0441559072551147,0.0626696643139641,0.1885705247569483,0.1278596595799571,10_sp_aij_36,10488077,0.1,10,16702,26,10,random
226,17.272727272727273,0.1427455453033741,0.126598053469664,0.5142288427759648,0.2385771977535462,0.4820669276733153,0.2783046664600528,0.0753750322882144,0.0247466312597738,0.1728570153102705,0.1887599771897035,10_sp_aij_36,10488077,0.1,10,16702,26,10,random
227,24.848484848484848,0.16386272399253,0.0817891931808208,0.4304010745755097,0.1607439189705846,0.4217310993339775,0.2824117528007235,0.0730768087882207,0.0134928010991891,0.1884698690242815,0.1508437599380417,10_sp_aij_36,10488077,0.1,10,16702,26,10,random
228,27.272727272727277,0.1465433355755147,0.0673266831069745,0.4455355122374173,0.1660486545593454,0.4833802739227285,0.245289690027449,0.0884416384629869,0.0145921290227579,0.1311086009123722,0.1641340113473871,10_sp_aij_36,10488077,0.1,10,16702,26,10,random
229,30.0,0.1640017000419194,0.0577614690979603,0.3519452199967479,0.1484458390534742,0.5515101938574831,0.2750889932080199,0.1084398218188497,0.0169966963825978,0.1533263521050691,0.2043897196803183,10_sp_aij_36,10488077,0.1,10,16702,26,10,random
230,1.2121212121212122,0.0957101717399206,0.1310765586629352,0.1335594645660391,0.0818319768859307,0.1877430717889461,0.0143237675047083,0.0743336209059503,0.0141580734265064,0.1176954889870924,0.0886515669024514,10_sp_aij_36,10793741,0.1,10,16702,26,10,random
231,4.848484848484849,0.1263320867712516,0.1054602723520552,0.289389126514842,0.1144734447932874,0.2906986893436016,0.1162108584680039,0.0668300484451212,0.0194873134922086,0.1560691670298476,0.1301877682337211,10_sp_aij_36,10793741,0.1,10,16702,26,10,random
232,10.0,0.1552277641612929,0.1517739888541713,0.3736312551217511,0.1369014898345071,0.42436960433074,0.2824836796229049,0.0435060225893766,0.0314386936648583,0.1559313309960759,0.1925521288049301,10_sp_aij_36,10793741,0.1,10,16702,26,10,random
233,13.636363636363637,0.1797317178326669,0.1105532400555574,0.3950552437648578,0.2019312389196101,0.5473431972215058,0.2468297808346146,0.0510741426786049,0.0261990304768804,0.1519140080295805,0.1622855018107284,10_sp_aij_36,10793741,0.1,10,16702,26,10,random
234,14.84848484848485,0.1637048144069375,0.0750401405528744,0.526987108779005,0.1852212995739688,0.4880827911643811,0.1957644288954134,0.0964673303993494,0.0252153675167818,0.1698065696647415,0.1958801822630965,10_sp_aij_36,10793741,0.1,10,16702,26,10,random
235,18.484848484848484,0.183572099138457,0.0745338699493673,0.4732290577525948,0.1983913807070367,0.6988800739984276,0.2401394569038863,0.1402573483296052,0.0161075642356585,0.1349084584997004,0.2544758543807049,10_sp_aij_36,10793741,0.1,10,16702,26,10,random
236,22.424242424242426,0.2310616013536655,0.052219470573182,0.3688568100545022,0.1213461613799529,0.6262682223672177,0.3127212594904877,0.0868280110857066,0.016880427121896,0.1688745533919508,0.2692432450254911,10_sp_aij_36,10793741,0.1,10,16702,26,10,random
237,23.63636363636364,0.2027738007215004,0.0541459354629785,0.5233122049592844,0.1409915775344941,0.4868043075118485,0.3244740503119666,0.0841936526145064,0.0175804738507952,0.1394993384865574,0.2070618858090275,10_sp_aij_36,10793741,0.1,10,16702,26,10,random
238,26.060606060606062,0.1413031828809851,0.0450457198843427,0.4625159349943254,0.2034705467681478,0.5415521390828678,0.2908715202955614,0.1111054789647371,0.0135342309068615,0.1368909508256465,0.2544726418298104,10_sp_aij_36,10793741,0.1,10,16702,26,10,random
239,27.272727272727277,0.1067510603450926,0.0415582212782868,0.4916525186503955,0.219063456272291,0.4606902606110382,0.3237946907906003,0.1608753561051006,0.0137500386535452,0.1182932924509611,0.2415052164799334,10_sp_aij_36,10793741,0.1,10,16702,26,10,random
240,3.6363636363636367,0.199269572306433,0.1215729164662301,0.1839614662939672,0.0315380332514279,0.2652774670786184,0.0882790826374617,0.0139590895744469,0.0474572935838142,0.1138415103993337,0.0174928105146342,10_sp_aij_36,11563241,0.1,10,16702,26,10,random
241,6.0606060606060606,0.2342143942787254,0.1468047365550934,0.1750124210378146,0.0649779640502455,0.2350445858561203,0.19762844127593,0.0184138831000111,0.0540903513289343,0.1639175780504049,0.0290857811141887,10_sp_aij_36,11563241,0.1,10,16702,26,10,random
242,7.272727272727273,0.2897317030222777,0.1536177172831674,0.2438537527095753,0.0931326538762982,0.229265466406961,0.2210550030289496,0.0140659003579337,0.0676321775362252,0.1890929280177932,0.0261046759800774,10_sp_aij_36,11563241,0.1,10,16702,26,10,random
243,8.484848484848484,0.2350372420170614,0.16001797733535,0.2632760636192041,0.1276336739770926,0.3618516205652184,0.2596702833535715,0.0169757961455592,0.0562362271364261,0.1335527137882831,0.0529284890653131,10_sp_aij_36,11563241,0.1,10,16702,26,10,random
244,12.424242424242424,0.1320489867095244,0.1115002583058043,0.3813578808224363,0.1340384606722224,0.533100267681336,0.2701345948489257,0.0336122966146276,0.0267323068966425,0.1909173052829089,0.1297116826984362,10_sp_aij_36,11563241,0.1,10,16702,26,10,random
245,14.84848484848485,0.1596245078217387,0.0964085760264547,0.4558053548436682,0.2114723803302261,0.4574055984179681,0.2534118515841375,0.041550338763932,0.0261222472787085,0.1763761062848957,0.1397311897996962,10_sp_aij_36,11563241,0.1,10,16702,26,10,random
246,21.21212121212121,0.0838303477981288,0.0848478607650456,0.4096186640572558,0.1395416663308661,0.5095292865522745,0.3310894751134328,0.0856655411320179,0.0190477047818374,0.1371897173357494,0.2386724780300857,10_sp_aij_36,11563241,0.1,10,16702,26,10,random
247,22.424242424242426,0.1160608684195569,0.0775417241899793,0.3532905265704126,0.1286164833125334,0.4340283387253223,0.2480933644191405,0.1076619323082541,0.0169890837841603,0.1653732577374913,0.221360488842693,10_sp_aij_36,11563241,0.1,10,16702,26,10,random
248,28.484848484848484,0.2050130367219108,0.0854307435329296,0.4178039345802231,0.1306946154596675,0.533205191916345,0.2213953803765577,0.115168847942752,0.0092103715401408,0.1530025193900549,0.1467250779783223,10_sp_aij_36,11563241,0.1,10,16702,26,10,random
249,30.0,0.2258555774337113,0.0860925369075713,0.27378418250498,0.1485167006631512,0.5126496288004297,0.1828593828086119,0.1666891343619851,0.0069534572184896,0.1522766844991608,0.1719431990152873,10_sp_aij_36,11563241,0.1,10,16702,26,10,random
250,0.0,0.09,0.09,0.01,0.03,0.06,0.06,0.03,0.08,0.07,0.05,10_sp_aij_36,12733201,0.1,10,16702,26,10,random
251,7.272727272727273,0.2349991853319056,0.2265258199636558,0.2771244344091417,0.1195030861942247,0.4090883751951091,0.2281879148918515,0.0109473201055781,0.0965663848112895,0.1781896578324289,0.0941650569466012,10_sp_aij_36,12733201,0.1,10,16702,26,10,random
252,11.212121212121213,0.1564207390849348,0.1397157102429895,0.4296002614326372,0.1601706116161444,0.5683217050474715,0.2720862729824114,0.011776439694676,0.0795568053052212,0.1601607439855999,0.135112737002284,10_sp_aij_36,12733201,0.1,10,16702,26,10,random
253,13.636363636363637,0.1686858445421163,0.1150517566337907,0.3622955342720594,0.1408878449124218,0.4659369964399508,0.2946621613657595,0.0154764519334099,0.0390721907073734,0.1280852003208631,0.184279603317479,10_sp_aij_36,12733201,0.1,10,16702,26,10,random
254,17.272727272727273,0.1481297375331468,0.0954814690605097,0.3952913549042402,0.117756663236616,0.3485915725111019,0.176649682146572,0.0550340208411604,0.0228694446569922,0.1861646226482811,0.157686959147554,10_sp_aij_36,12733201,0.1,10,16702,26,10,random
255,18.484848484848484,0.1256980249332417,0.0921724222757094,0.3440038394108844,0.1383123532512675,0.3949410532814799,0.2097744316749841,0.0619395787369613,0.0254815511069308,0.2191163121587455,0.1452893495951642,10_sp_aij_36,12733201,0.1,10,16702,26,10,random
256,20.0,0.1230173486132441,0.1043360539219909,0.3508909186207279,0.1191144182422979,0.5202273091010255,0.2096146588714867,0.060964017680883,0.0158341665089464,0.1492939499473066,0.1374751552589722,10_sp_aij_36,12733201,0.1,10,16702,26,10,random
257,21.21212121212121,0.105593431151067,0.0911945201714105,0.4345888111534592,0.1339056761775365,0.5640532471223814,0.2378302174071994,0.0758358029227714,0.0171472776944883,0.1225343773833048,0.1368840774897308,10_sp_aij_36,12733201,0.1,10,16702,26,10,random
258,23.63636363636364,0.1481783133641923,0.0596071769134795,0.4406685634879636,0.1487582037971739,0.5108151564570916,0.2480056515515742,0.1722486565566043,0.0137872846712679,0.1248130562804865,0.2213895653023823,10_sp_aij_36,12733201,0.1,10,16702,26,10,random
259,28.484848484848484,0.1828007209074653,0.0945089342252037,0.4115516151018101,0.1831747324093306,0.3817508901193524,0.2253964398857643,0.0921044064285323,0.0123548256131337,0.1525491650031239,0.2121467749392289,10_sp_aij_36,12733201,0.1,10,16702,26,10,random
