,time,species_0,species_1,species_2,species_3,species_4,species_5,species_6,species_7,species_8,species_9,ground_truth,timeseries_id,noise,n_species,did,n_timeseries,n_timepoints,sampling_scheme
0,6.0606060606060606,0.1276434635397597,0.1968107030541566,0.12141946257637,0.0491902861516714,0.1275214665443648,0.2441675677296648,0.1279576124454532,0.158644211661781,0.1354053408393717,0.0502458210952583,10_sp_aij_24,36656,0.01,10,9391,24,10,seq
1,7.272727272727273,0.1128006194078413,0.2065702486518902,0.1253861647602183,0.0577053917909174,0.143675071471252,0.2500666079581775,0.1389266570892421,0.1750555193337692,0.1375261900919775,0.0487714406860119,10_sp_aij_24,36656,0.01,10,9391,24,10,seq
2,8.484848484848484,0.0954129820711627,0.2206480771233469,0.1224600645407663,0.0658033268983875,0.1612514487829101,0.251138349235262,0.1414521938981546,0.1901718309335389,0.1371131013760048,0.0466500206715454,10_sp_aij_24,36656,0.01,10,9391,24,10,seq
3,10.0,0.0750314060177014,0.2384867103057788,0.1128229578866944,0.0752036781065407,0.1779711670270989,0.2459734908618635,0.1418377380106715,0.198771252108674,0.131821493189736,0.0396755221606014,10_sp_aij_24,36656,0.01,10,9391,24,10,seq
4,11.212121212121213,0.062676789067525,0.2428042147962281,0.1062546762159598,0.0764304866180515,0.1793359751592735,0.2488517979317879,0.1407994027395689,0.1973436766428057,0.1245423187406152,0.0356682452616279,10_sp_aij_24,36656,0.01,10,9391,24,10,seq
5,12.424242424242424,0.0550582332654018,0.2475632281131563,0.1023253820856385,0.0820994728464229,0.1835679437765597,0.255293599459294,0.1406640451009991,0.1966523248831214,0.1187806526787892,0.0330691755132952,10_sp_aij_24,36656,0.01,10,9391,24,10,seq
6,13.636363636363637,0.0474699192166129,0.254709626169859,0.0999241716260801,0.0842255343070603,0.1796270902434506,0.2558225310402313,0.1421887488663827,0.1976369032575926,0.1174620941063185,0.0298395872540842,10_sp_aij_24,36656,0.01,10,9391,24,10,seq
7,14.84848484848485,0.0422611074233519,0.2579653798821157,0.0946792290238678,0.0860843712888869,0.175525716704894,0.2472428539129203,0.1403090569039871,0.1954087683827628,0.1153256402083385,0.0267293743515722,10_sp_aij_24,36656,0.01,10,9391,24,10,seq
8,16.060606060606062,0.0379809026795263,0.2503975148218396,0.092041555373159,0.0856575461838391,0.1751810209858896,0.2478109951629065,0.1361991970715882,0.1946859210252771,0.1132404097053251,0.025116037165779,10_sp_aij_24,36656,0.01,10,9391,24,10,seq
9,17.272727272727273,0.0369877438447948,0.2629693605366552,0.090872728931715,0.0868484261822852,0.1730214660384967,0.248874275190947,0.1392619971469573,0.192166110935545,0.1107802591348633,0.0236285287160945,10_sp_aij_24,36656,0.01,10,9391,24,10,seq
10,8.484848484848484,0.0935749389535523,0.232195612329345,0.1177704167449529,0.0690630563308826,0.1573759655579583,0.2549185291902964,0.1242366387731305,0.1789266785121696,0.1287115650998506,0.0517973613413067,10_sp_aij_24,41300,0.01,10,9391,24,10,seq
11,10.0,0.0805117186467617,0.2390148274333041,0.1078666851129189,0.075186748292553,0.1679031355795294,0.2585250971113894,0.1298312101363912,0.1924296447281894,0.1267008745645219,0.0456913314726275,10_sp_aij_24,41300,0.01,10,9391,24,10,seq
12,11.212121212121213,0.0711661181902887,0.2477008250507464,0.1049438760770009,0.0787042848443113,0.1726906595071661,0.252431055492454,0.1365061986011382,0.1899428443836488,0.1267807891665407,0.0410389762081589,10_sp_aij_24,41300,0.01,10,9391,24,10,seq
13,12.424242424242424,0.0646733585645029,0.2537327001788717,0.1000173035493052,0.0828791845336633,0.175048218086936,0.259130142200958,0.1359353283443841,0.1943536171002105,0.1231950978204156,0.0383191084326341,10_sp_aij_24,41300,0.01,10,9391,24,10,seq
14,13.636363636363637,0.0570795022977814,0.2539953610084851,0.0943020487398487,0.0820829524092528,0.177776809143493,0.2543453001779448,0.1340292163073302,0.1938295004342909,0.1170878904275231,0.0343443711128265,10_sp_aij_24,41300,0.01,10,9391,24,10,seq
15,14.84848484848485,0.052827477541806,0.2609872715487403,0.0918862844419882,0.0815252343952731,0.1792231815587889,0.2597270902698919,0.135257826252517,0.190871832411658,0.1159628851203277,0.0309810447258547,10_sp_aij_24,41300,0.01,10,9391,24,10,seq
16,16.060606060606062,0.0479558620191377,0.2613539505050469,0.0888075890793981,0.0817738383484946,0.177824459855073,0.2587911146718991,0.136406729987955,0.1917130430129086,0.1163017791159708,0.0283785943012115,10_sp_aij_24,41300,0.01,10,9391,24,10,seq
17,17.272727272727273,0.0442209330495275,0.26397465302643,0.0833310877770303,0.0815519009425412,0.1771061625921832,0.256755645412574,0.1414924835517883,0.1892771493404645,0.1119325802850095,0.0265375151089778,10_sp_aij_24,41300,0.01,10,9391,24,10,seq
18,18.484848484848484,0.0395627188773182,0.2564678401633207,0.0836295812625399,0.0824909558988384,0.1690049579677695,0.2501408962932126,0.1369735560883442,0.192414330258595,0.1126635482977054,0.0237669762641601,10_sp_aij_24,41300,0.01,10,9391,24,10,seq
19,20.0,0.036558344760941,0.2568770194515651,0.0841154116663558,0.0829582254073818,0.1693962597886679,0.2435483661341813,0.1388419372130862,0.1956149907050605,0.1084769763491408,0.0213182546756026,10_sp_aij_24,41300,0.01,10,9391,24,10,seq
20,8.484848484848484,0.0611249616471869,0.2344509487982368,0.1250655232924903,0.0718452444738372,0.1540531137255646,0.2310004208183486,0.132776072859047,0.2134713974931484,0.1130481759496698,0.0407121476758052,10_sp_aij_24,416304,0.01,10,9391,24,10,seq
21,10.0,0.0540866887340088,0.2486640342427336,0.1115257876786676,0.0785920440666983,0.1668656551385281,0.2316229353740486,0.1322775415192431,0.2067884255533249,0.1140655310999951,0.0351997135530125,10_sp_aij_24,416304,0.01,10,9391,24,10,seq
22,11.212121212121213,0.0477994207175419,0.2507622145471647,0.0998095293634302,0.0790392012692883,0.1681177868121015,0.2338170477451145,0.1294327768295641,0.2017572677497985,0.1134855263869009,0.0320662281653082,10_sp_aij_24,416304,0.01,10,9391,24,10,seq
23,12.424242424242424,0.0445676155736714,0.2533356476013818,0.094850888626531,0.0792321627232591,0.1745482522244086,0.2381072869425389,0.1328488772333231,0.1919788579136199,0.113093611307031,0.0289393474041683,10_sp_aij_24,416304,0.01,10,9391,24,10,seq
24,13.636363636363637,0.041640373829783,0.2505349679442645,0.0941523010316112,0.080210241734038,0.1727867808667444,0.246194527731665,0.1343864037832193,0.1919477411755093,0.1109876975418459,0.0269268180661277,10_sp_aij_24,416304,0.01,10,9391,24,10,seq
25,14.84848484848485,0.0379992085474133,0.2614620728468113,0.0921461724702453,0.082246944586157,0.1725520759179187,0.2443692529010078,0.1379944230270287,0.1904801779137851,0.1087394799032704,0.0243454101055564,10_sp_aij_24,416304,0.01,10,9391,24,10,seq
26,16.060606060606062,0.0357063700778488,0.2587893741441321,0.0883815450472768,0.0811016563068452,0.1705470222051055,0.2440879233284506,0.1319800817750742,0.1885376843343713,0.1079835597957655,0.0234265391778965,10_sp_aij_24,416304,0.01,10,9391,24,10,seq
27,17.272727272727273,0.0342782032891618,0.2591486241653573,0.0851916114983659,0.0815509507152486,0.171167866002092,0.2438859126305759,0.1323255955333635,0.1909441496450571,0.1061393250085846,0.0216929418099191,10_sp_aij_24,416304,0.01,10,9391,24,10,seq
28,18.484848484848484,0.0329789154249141,0.2585055399782394,0.0845256780500711,0.080296694369867,0.1688937112586228,0.2466082948796424,0.1349332823250872,0.1924728369808474,0.1026169186586188,0.019806133818061,10_sp_aij_24,416304,0.01,10,9391,24,10,seq
29,20.0,0.0319732960587407,0.2679624438628883,0.0823363497734893,0.0808807500099837,0.1700482387199997,0.2396182493315812,0.1302732194056475,0.1916751709341436,0.1002955257497704,0.0179489474055683,10_sp_aij_24,416304,0.01,10,9391,24,10,seq
30,10.0,0.0337016471182616,0.270680052072858,0.1151792736983868,0.1081498797482388,0.186582453682112,0.2345497147835609,0.1329013170644382,0.2209763272033955,0.1074656389131309,0.0233849562872027,10_sp_aij_24,591973,0.01,10,9391,24,10,seq
31,11.212121212121213,0.0298925152986181,0.2747434274378751,0.1000394969846412,0.1007763839959284,0.1763919031883153,0.2437072333251709,0.1268112777127679,0.2087851783823381,0.1080454699760381,0.0203835539696355,10_sp_aij_24,591973,0.01,10,9391,24,10,seq
32,12.424242424242424,0.0271460875145682,0.27664385578624,0.092004036013752,0.0957861846774556,0.1727784667142126,0.2406871738921636,0.1276202067712989,0.2000480565333829,0.1050501428628277,0.0179515001384913,10_sp_aij_24,591973,0.01,10,9391,24,10,seq
33,13.636363636363637,0.0250010619841684,0.272028119739436,0.0881263800844879,0.0930851817530851,0.172681441560062,0.2424087669676042,0.1280864305389707,0.1954498568460322,0.1001362973533114,0.0166140413276728,10_sp_aij_24,591973,0.01,10,9391,24,10,seq
34,14.84848484848485,0.0221130897961793,0.265552205368354,0.0871448510602854,0.0889014063509576,0.1717112096385564,0.2401646889873359,0.1312760361251223,0.1955240199597784,0.0984287583518763,0.0153274116246146,10_sp_aij_24,591973,0.01,10,9391,24,10,seq
35,16.060606060606062,0.0209762217009742,0.2634895906278269,0.0868008174508999,0.0866509109508394,0.1712742989824311,0.2430906413852044,0.1339487279727908,0.1918814919270209,0.0944455383641913,0.0144251337196076,10_sp_aij_24,591973,0.01,10,9391,24,10,seq
36,17.272727272727273,0.0197606788568416,0.2688109937088808,0.0852550896842267,0.0837729107834539,0.1664746492340071,0.24390239909331,0.1283419497942737,0.1934988314438989,0.0925353479323667,0.0136467543325159,10_sp_aij_24,591973,0.01,10,9391,24,10,seq
37,18.484848484848484,0.0191670991870871,0.270470614236978,0.0805890410483726,0.083593466488199,0.1658909423541543,0.2402151342479898,0.1259007363431882,0.1917063898294413,0.0932230301431048,0.0129230472117727,10_sp_aij_24,591973,0.01,10,9391,24,10,seq
38,20.0,0.0179278757484985,0.2679568740019655,0.0782519116088987,0.0825876976278363,0.1663375143003347,0.2443384338519135,0.1289539682547413,0.1900530731971338,0.0920252110277393,0.0120611928879122,10_sp_aij_24,591973,0.01,10,9391,24,10,seq
39,21.21212121212121,0.017289536288306,0.2727531773390407,0.0780124141714386,0.0811359171252819,0.1650465133134867,0.2427280994123477,0.1307568342434242,0.1886109917552388,0.0926078196908994,0.0114580034476699,10_sp_aij_24,591973,0.01,10,9391,24,10,seq
40,7.272727272727273,0.0795992428566097,0.2436653220443028,0.1201451235740224,0.0826599338813631,0.1743878386379923,0.2456824889667835,0.1311231473072039,0.2029432029497823,0.1267127593851755,0.0465197626787385,10_sp_aij_24,2091765,0.01,10,9391,24,10,seq
41,8.484848484848484,0.0689284366866983,0.2443372505930061,0.1099035154890835,0.0849797509369084,0.1792176667545685,0.2439046376959474,0.1347443599314968,0.2015173839628001,0.1307880802414253,0.0394947650747384,10_sp_aij_24,2091765,0.01,10,9391,24,10,seq
42,10.0,0.0589978169152631,0.2558567194048657,0.0997304484571083,0.0872794479762494,0.1871519647792741,0.2499544749635052,0.1376015156372826,0.2017154229090355,0.1288884397669824,0.0333639775576183,10_sp_aij_24,2091765,0.01,10,9391,24,10,seq
43,11.212121212121213,0.0513067650129949,0.2571748137323282,0.0946520612204766,0.0869190738357392,0.1815231174324216,0.252958123993725,0.1416118129221324,0.1970913998063522,0.1204685279348599,0.0299579264652359,10_sp_aij_24,2091765,0.01,10,9391,24,10,seq
44,12.424242424242424,0.0459135208476381,0.2577068480363745,0.0946630357510046,0.0864601615987806,0.178995532627363,0.257066736009939,0.1458603101288393,0.1941876141220896,0.1152587408549395,0.0265480496671892,10_sp_aij_24,2091765,0.01,10,9391,24,10,seq
45,13.636363636363637,0.0400148859572664,0.2550202900536394,0.089345594566338,0.0870313764661804,0.1757749982816272,0.2500676706579781,0.1452716277613263,0.1951402596748329,0.1135463563426789,0.0248770373829646,10_sp_aij_24,2091765,0.01,10,9391,24,10,seq
46,14.84848484848485,0.0356731036812003,0.2585216376692339,0.0881826307884784,0.0888777276720696,0.1727722320035763,0.2465415906421288,0.1421984535382416,0.1889454356170998,0.1116509477747,0.0224414762188193,10_sp_aij_24,2091765,0.01,10,9391,24,10,seq
47,16.060606060606062,0.0331086078529498,0.2660509470281518,0.0885014050332267,0.0861123423416331,0.1708407000224006,0.2527315052385744,0.1398436420983128,0.1943175492902289,0.1065430080830851,0.0209406366670238,10_sp_aij_24,2091765,0.01,10,9391,24,10,seq
48,17.272727272727273,0.0300334410925868,0.2657739247857233,0.0869325412347835,0.0840294234243553,0.1650780281718528,0.2540517709023187,0.1401398554258504,0.1920616716134872,0.1051450826519061,0.0200627265262413,10_sp_aij_24,2091765,0.01,10,9391,24,10,seq
49,18.484848484848484,0.0272137528756292,0.2587174526740446,0.0863964286109095,0.0829634660604542,0.1625430041536591,0.2449573897390908,0.1353259015492023,0.1994508939430519,0.1023545309869912,0.0187853926624213,10_sp_aij_24,2091765,0.01,10,9391,24,10,seq
50,6.0606060606060606,0.0719518963740554,0.2115898970279044,0.1517267822533174,0.049264582779483,0.1439046660012334,0.2298790921215604,0.1261929479614689,0.2008366187674276,0.0859497054446828,0.0647849293005084,10_sp_aij_24,2369231,0.01,10,9391,24,10,seq
51,7.272727272727273,0.0653013512926356,0.2308865345416885,0.1293836780804841,0.0558609834873314,0.1570848611992596,0.2321633537032235,0.1212969086637845,0.2122537270085259,0.0969268621670187,0.0569380316910132,10_sp_aij_24,2369231,0.01,10,9391,24,10,seq
52,8.484848484848484,0.0613379218728786,0.2423333765994059,0.1143624557477132,0.0622426836503004,0.1682600131419753,0.2379503564920584,0.1212788509124068,0.2087829760494606,0.103226230083644,0.0490333322747985,10_sp_aij_24,2369231,0.01,10,9391,24,10,seq
53,10.0,0.0532501329887794,0.247829681407279,0.0990137995914364,0.0685366970488476,0.171506804337083,0.2470356246695423,0.125082676280206,0.1946887914406246,0.1069844156545314,0.0402082242357572,10_sp_aij_24,2369231,0.01,10,9391,24,10,seq
54,11.212121212121213,0.0492686835689824,0.252607279330583,0.0969411038360965,0.0731516642733456,0.1677102160107195,0.2487191967276774,0.1300287541999118,0.1914787173636307,0.1085853675675251,0.0373222605974124,10_sp_aij_24,2369231,0.01,10,9391,24,10,seq
55,12.424242424242424,0.0469961101795721,0.2550356084784383,0.0924374371559349,0.0772656672659209,0.1653964457310179,0.2488745857921794,0.131682860413088,0.1879740004478431,0.1096249126827743,0.0339017336811921,10_sp_aij_24,2369231,0.01,10,9391,24,10,seq
56,13.636363636363637,0.044071657623928,0.2511525458938596,0.0917463354024379,0.0789260571523986,0.1663292678734172,0.2471516491312479,0.1332560757775956,0.1877583955661861,0.1084621703931584,0.031607230470961,10_sp_aij_24,2369231,0.01,10,9391,24,10,seq
57,14.84848484848485,0.0414249164318888,0.2505771112004086,0.0923930147675532,0.080545354781863,0.1676166592617939,0.2529114968775379,0.1348085477914657,0.1948991696049569,0.1087714443823057,0.029985861770288,10_sp_aij_24,2369231,0.01,10,9391,24,10,seq
58,16.060606060606062,0.0388550126298617,0.2527894885902772,0.0910113174234657,0.0808024193354094,0.1676996275978038,0.2498805592849954,0.1352580962858789,0.1961380586549932,0.1080216588111263,0.0274275213788469,10_sp_aij_24,2369231,0.01,10,9391,24,10,seq
59,17.272727272727273,0.0349525699313698,0.2513992488806472,0.0877121966096119,0.0810218293469266,0.1743133820044126,0.2503625580475998,0.134214097700728,0.1926272020464488,0.10427317705313,0.0257612975863871,10_sp_aij_24,2369231,0.01,10,9391,24,10,seq
60,10.0,0.0781124919033021,0.2432792301029768,0.1133908548292663,0.0771132682764771,0.1971797290285946,0.2568815456183392,0.1507942172143611,0.2158832198994233,0.1439958340749556,0.0557458593358957,10_sp_aij_24,2753893,0.01,10,9391,24,10,seq
61,11.212121212121213,0.0679889375888453,0.2535328730301738,0.1028749933686861,0.0860717604875393,0.1948762001710054,0.2512161981116061,0.1455736864961718,0.2077512313507028,0.1375708547843536,0.0461648032289552,10_sp_aij_24,2753893,0.01,10,9391,24,10,seq
62,12.424242424242424,0.0601565411866437,0.2489512963732582,0.0935472011356752,0.0890421705022503,0.1919209939036902,0.254351133121396,0.1375500877218323,0.2019690273187179,0.1307661073395067,0.0392522060254877,10_sp_aij_24,2753893,0.01,10,9391,24,10,seq
63,13.636363636363637,0.0530757191110965,0.2548521703779899,0.0908186436083384,0.0904021059416856,0.1909413783550896,0.2477321973642395,0.136037373303173,0.193747086986199,0.122146282478122,0.0331357842134578,10_sp_aij_24,2753893,0.01,10,9391,24,10,seq
64,14.84848484848485,0.047651008729351,0.2639581961691409,0.0879904237766039,0.0903031130616229,0.1846608119417263,0.2475355294402375,0.1415974736905535,0.1881818000023645,0.1159651830814574,0.0287563009755368,10_sp_aij_24,2753893,0.01,10,9391,24,10,seq
65,16.060606060606062,0.0433727180267726,0.2638971904220557,0.0862620680601496,0.0887759204202163,0.1772755152199736,0.2458156294466018,0.1391724011283903,0.1848326532022849,0.1149867915553216,0.026015995794832,10_sp_aij_24,2753893,0.01,10,9391,24,10,seq
66,17.272727272727273,0.0411834647559543,0.2621571400651852,0.0813043655603641,0.0873931003024359,0.1771442478376981,0.2505941213262322,0.1420424861594564,0.182890975931749,0.1134496492425035,0.0235676678930629,10_sp_aij_24,2753893,0.01,10,9391,24,10,seq
67,18.484848484848484,0.0392471348193007,0.2611704227236603,0.0851649515920273,0.0857036098868376,0.1798637634321391,0.2494407623160476,0.1425870379175812,0.1860008171201609,0.1120796817831252,0.0221059047605565,10_sp_aij_24,2753893,0.01,10,9391,24,10,seq
68,20.0,0.0356013211544828,0.2591218473092916,0.0861222036942103,0.0839319612659997,0.1722671947034384,0.2523272322612512,0.14083478410799,0.1870225677085322,0.107863333690092,0.0201705792926342,10_sp_aij_24,2753893,0.01,10,9391,24,10,seq
69,21.21212121212121,0.0321332392123046,0.2616361134725891,0.0864871374710349,0.0832224754816983,0.1700508537521875,0.2531119065684213,0.1383860613307547,0.1906697382532404,0.1068691814217663,0.0189954841327509,10_sp_aij_24,2753893,0.01,10,9391,24,10,seq
70,2.4242424242424243,0.1187016263607624,0.1021524445254966,0.1797550627632008,0.0646296858036686,0.0518221836954352,0.0587333199489638,0.183424197492436,0.147314116288177,0.1040175552665256,0.0711015513997951,10_sp_aij_24,2905119,0.01,10,9391,24,10,seq
71,3.6363636363636367,0.1059729451536949,0.1253659162092071,0.2142438138744408,0.0765285899381909,0.0819504561003828,0.1112251125392184,0.180043181035534,0.2134986830496187,0.1249602165379757,0.0684647778322936,10_sp_aij_24,2905119,0.01,10,9391,24,10,seq
72,4.848484848484849,0.0869798559701171,0.1602479252415916,0.2074679396979898,0.0880021584882257,0.119790751238063,0.1556760930716963,0.172000360036053,0.2483901155539589,0.1319176070578298,0.0609877506331893,10_sp_aij_24,2905119,0.01,10,9391,24,10,seq
73,6.0606060606060606,0.0695896240455649,0.1953247997174934,0.1819716366152612,0.0986782742298179,0.1543392339526525,0.1857309717335963,0.1586252425709123,0.2510492882129145,0.1325124154743742,0.0520412481400939,10_sp_aij_24,2905119,0.01,10,9391,24,10,seq
74,7.272727272727273,0.055943186230375,0.2273795239661357,0.1528421850310634,0.1061204823548067,0.1769675806137571,0.2068867122753519,0.1591731095107635,0.2394965264664747,0.1302370879724441,0.0418247675552322,10_sp_aij_24,2905119,0.01,10,9391,24,10,seq
75,8.484848484848484,0.0454021928121983,0.2505098322638157,0.1345912423048735,0.108681209875879,0.1842497442247024,0.2245451087346424,0.1494286507385846,0.2364607609515328,0.1252947511630529,0.0340949983604364,10_sp_aij_24,2905119,0.01,10,9391,24,10,seq
76,10.0,0.0358732295633903,0.2593625378244566,0.1100193706503648,0.1045664295458174,0.1883683289521799,0.2302269471312346,0.1380521427690327,0.2208351024233702,0.1145664940243555,0.0271726360692246,10_sp_aij_24,2905119,0.01,10,9391,24,10,seq
77,11.212121212121213,0.0306302364094384,0.2654387731999537,0.1010606716730003,0.1016172459477657,0.1871025063222787,0.240453788459311,0.1348644232455522,0.2104512185985278,0.1101881408372157,0.0240024934332367,10_sp_aij_24,2905119,0.01,10,9391,24,10,seq
78,12.424242424242424,0.0281226805624497,0.2653232512566196,0.0933677163183122,0.0967454637338367,0.1819177837561523,0.2446059966203554,0.1344800308840929,0.2057814398461528,0.1084296700056902,0.0213026757484289,10_sp_aij_24,2905119,0.01,10,9391,24,10,seq
79,13.636363636363637,0.0253836933087255,0.2676118076712512,0.0914297082681791,0.0918813220132856,0.17831338475426,0.2448064624367169,0.1339264410597832,0.1959744332082884,0.1045895570525539,0.0189370824544684,10_sp_aij_24,2905119,0.01,10,9391,24,10,seq
80,0.0,0.04,0.03,0.05,0.08,0.06,0.05,0.03,0.07,0.09,0.09,10_sp_aij_24,3049039,0.01,10,9391,24,10,seq
81,1.2121212121212122,0.0827531049257318,0.0606774356774236,0.109697629338932,0.089195924890493,0.0913976077148937,0.1036591013845482,0.0786739217867252,0.0877623709465987,0.0937911222144537,0.0813541898960909,10_sp_aij_24,3049039,0.01,10,9391,24,10,seq
82,2.4242424242424243,0.1102706205056245,0.1042714999833891,0.1635415132879087,0.0914870673851583,0.1231605868977371,0.1682680077864176,0.127387248003938,0.1265665246765406,0.1086831867560674,0.0762803036130867,10_sp_aij_24,3049039,0.01,10,9391,24,10,seq
83,3.6363636363636367,0.1076697926442503,0.1575128019623811,0.1783708153498302,0.098479211799653,0.1473465458080026,0.2143199573106918,0.154164318897419,0.178673248666821,0.1267481893165738,0.0697986251393034,10_sp_aij_24,3049039,0.01,10,9391,24,10,seq
84,4.848484848484849,0.0899375039494877,0.195771595672778,0.1687168073415404,0.1046576466968344,0.1698817723201978,0.2285126942335297,0.145844686188894,0.2170240109692646,0.1327649185913283,0.0593126770879361,10_sp_aij_24,3049039,0.01,10,9391,24,10,seq
85,6.0606060606060606,0.0746455888230034,0.2341242495018295,0.1448701190701849,0.1047455659126765,0.1873867433836341,0.2383263304066795,0.1451421567893419,0.2184971705712479,0.132249101213818,0.0482218086852537,10_sp_aij_24,3049039,0.01,10,9391,24,10,seq
86,7.272727272727273,0.0601123619443433,0.256032315514887,0.1224692942248401,0.1031127918474923,0.1905228297828501,0.242939675708461,0.1424875290833183,0.2194247787606653,0.1245191457809614,0.0385028976796061,10_sp_aij_24,3049039,0.01,10,9391,24,10,seq
87,8.484848484848484,0.0509748002585766,0.2640807311395485,0.1070798228347862,0.1029061415671834,0.1876844617130689,0.2434492286983055,0.1377747603729912,0.2100298437808294,0.1202291509642534,0.0320530199261122,10_sp_aij_24,3049039,0.01,10,9391,24,10,seq
88,10.0,0.0417669598352077,0.2625543358669551,0.0965354422929403,0.100710801927306,0.1845424046520834,0.2408954632805901,0.1409990235035528,0.2033614820504647,0.1164506182064054,0.0264279731299737,10_sp_aij_24,3049039,0.01,10,9391,24,10,seq
89,11.212121212121213,0.0349419119979413,0.2692089450599625,0.0925766449281926,0.0961931563945177,0.1807130962337563,0.2401475152636313,0.1393753031556483,0.2023518335391656,0.1136611987475666,0.0231801184484889,10_sp_aij_24,3049039,0.01,10,9391,24,10,seq
90,11.212121212121213,0.076857822562781,0.2478835401077775,0.1042391200435041,0.0866047561602657,0.1865324563336217,0.2597528010004172,0.1449189868290064,0.1944703836887664,0.1413392943081089,0.0418519868002026,10_sp_aij_24,4211685,0.01,10,9391,24,10,seq
91,12.424242424242424,0.0672440898510907,0.253723351339621,0.0988991291639132,0.0903111934261397,0.1886488908111908,0.2582985786075846,0.1433096798963134,0.1917061073461762,0.1331853166668161,0.0380819945428612,10_sp_aij_24,4211685,0.01,10,9391,24,10,seq
92,13.636363636363637,0.0597069783331296,0.2534384995644197,0.094096002504798,0.0917996526044164,0.185662922158821,0.254445210259164,0.1411390440399119,0.1940459857310162,0.1256537173152805,0.0339191318804975,10_sp_aij_24,4211685,0.01,10,9391,24,10,seq
93,14.84848484848485,0.0513005196381256,0.2592125776460456,0.0928018148219658,0.0926181411353039,0.1849522402267698,0.252462810744479,0.1417169891968482,0.1878544406443101,0.123536087364719,0.0299970888737857,10_sp_aij_24,4211685,0.01,10,9391,24,10,seq
94,16.060606060606062,0.0478559484945286,0.2601574140543472,0.0888383394266673,0.0926973243176176,0.1874201684202422,0.2566246210902416,0.1450415991607976,0.1929424578604791,0.1198288455608241,0.0269579453596213,10_sp_aij_24,4211685,0.01,10,9391,24,10,seq
95,17.272727272727273,0.0412655514684584,0.2605087675789011,0.0916349005515305,0.0907048074443823,0.1790497698890643,0.2504445949385288,0.1433361465445241,0.1944734995876769,0.1142058903972833,0.0243185850639893,10_sp_aij_24,4211685,0.01,10,9391,24,10,seq
96,18.484848484848484,0.0381437780107647,0.2592963677811744,0.0913791276030453,0.0899465076251644,0.1783393919917184,0.2469358737100546,0.1409875026039982,0.1960692107636297,0.1127337245548984,0.0229469957007332,10_sp_aij_24,4211685,0.01,10,9391,24,10,seq
97,20.0,0.0343365245310191,0.2629277355774572,0.0903311566511965,0.0870377930189444,0.1759201447770572,0.2429874164797681,0.1388705472769846,0.1931721044877433,0.1103409237721759,0.0197497509018676,10_sp_aij_24,4211685,0.01,10,9391,24,10,seq
98,21.21212121212121,0.0314040727033039,0.2582352312292124,0.0874306165021175,0.084402087577662,0.1718956949321958,0.2485221545517589,0.1392150034538061,0.1991899674624076,0.1050995009700287,0.0184155116670887,10_sp_aij_24,4211685,0.01,10,9391,24,10,seq
99,22.424242424242426,0.0293419852629387,0.2601680260795638,0.0850504310397665,0.0846271839427307,0.1718520412295427,0.2394785318942432,0.1342981445279607,0.1987154455055817,0.1010222121504097,0.0173113799808088,10_sp_aij_24,4211685,0.01,10,9391,24,10,seq
100,4.848484848484849,0.1505527285274213,0.1129177319753707,0.1888060422913744,0.0421241934755188,0.1227341075867255,0.1540127262853541,0.0991063636320977,0.1469142546104394,0.0559902727006866,0.0407956497888337,10_sp_aij_24,4240255,0.01,10,9391,24,10,seq
101,6.0606060606060606,0.1225017929349206,0.1584553512809931,0.1753674964597017,0.0496707789789619,0.1366880974490538,0.1880807351805878,0.1066036932348725,0.1839827436422079,0.0764060259176748,0.042877585021049,10_sp_aij_24,4240255,0.01,10,9391,24,10,seq
102,7.272727272727273,0.0994770086951103,0.2038082970084509,0.1514995866402524,0.0567637362041871,0.1465004827066365,0.2087342484815377,0.1113115767785514,0.2006904634390997,0.0883634263514907,0.0429317818166974,10_sp_aij_24,4240255,0.01,10,9391,24,10,seq
103,8.484848484848484,0.0833899773820024,0.2235864565967272,0.1294686837276334,0.0618010813350481,0.1557637059936958,0.217388831932731,0.1128905922393575,0.2054495948616771,0.1018344059689549,0.0410289405564812,10_sp_aij_24,4240255,0.01,10,9391,24,10,seq
104,10.0,0.0689000297763616,0.2379521800120989,0.1102691750481324,0.0693658909784754,0.1653115723539236,0.2296936524433502,0.1224515722599128,0.2019942458881606,0.10675460708021,0.0366550821401176,10_sp_aij_24,4240255,0.01,10,9391,24,10,seq
105,11.212121212121213,0.0604895219900061,0.2409947687521581,0.1045858403382749,0.0751085712579547,0.171603568585205,0.2360958969419961,0.1271128617763092,0.197657470769721,0.1081213991102674,0.0335115666865119,10_sp_aij_24,4240255,0.01,10,9391,24,10,seq
106,12.424242424242424,0.0548253180926289,0.2456357676166598,0.1026673757628131,0.0801673612544085,0.1707790855198469,0.2383761135368638,0.1272914219857788,0.2008660163517676,0.110369017825291,0.0292974325489781,10_sp_aij_24,4240255,0.01,10,9391,24,10,seq
107,13.636363636363637,0.0469083144417253,0.2500610052773015,0.0970141821432034,0.0812875921770671,0.1712185964010536,0.2361300969353167,0.1317868399513979,0.2017034944506982,0.113139781347583,0.0272132538421813,10_sp_aij_24,4240255,0.01,10,9391,24,10,seq
108,14.84848484848485,0.042724961762912,0.2595531484113947,0.0906064167559977,0.0817801361865825,0.1716187504858297,0.2407461628831253,0.1363886797593028,0.1951259716896548,0.1089599287382297,0.0244325755309451,10_sp_aij_24,4240255,0.01,10,9391,24,10,seq
109,16.060606060606062,0.0417248583458574,0.2566973196631839,0.0887780965113303,0.0804259237668638,0.1711444771965513,0.2414911965359792,0.1341795739808392,0.1882324409208767,0.1098600374112688,0.0235188657852513,10_sp_aij_24,4240255,0.01,10,9391,24,10,seq
110,8.484848484848484,0.0494087785291899,0.2462585709323793,0.1134905264836575,0.0762049099094952,0.1670634765071481,0.2398482870978823,0.1297305866506727,0.2053429729031834,0.1029304076172827,0.0460996629796593,10_sp_aij_24,5140131,0.01,10,9391,24,10,seq
111,10.0,0.0448174212948135,0.2521834684414078,0.1013482073171769,0.0811113159588479,0.1690487628486724,0.2383115692018299,0.1320539541327135,0.2047303861006467,0.1067259036055161,0.0388160880357705,10_sp_aij_24,5140131,0.01,10,9391,24,10,seq
112,11.212121212121213,0.0410693951218037,0.2597720119740453,0.0963138033041786,0.0845798873690412,0.1749852088258549,0.2350747936798744,0.1371075315790625,0.1980508306933225,0.1083903407035573,0.0350009143382959,10_sp_aij_24,5140131,0.01,10,9391,24,10,seq
113,12.424242424242424,0.0381069485117765,0.2603826014338861,0.0930607228340298,0.0866843741561225,0.1747889621442352,0.2441144301481052,0.140765315638858,0.2025675347877546,0.1081500546277366,0.0306326014708401,10_sp_aij_24,5140131,0.01,10,9391,24,10,seq
114,13.636363636363637,0.0343517309967958,0.2583279004541953,0.0914173410531037,0.0860141511572294,0.1771785671529544,0.2438585754388086,0.1347241119261587,0.2019728332785401,0.1041096622784082,0.0269567278504196,10_sp_aij_24,5140131,0.01,10,9391,24,10,seq
115,14.84848484848485,0.031497514443385,0.2619057913687569,0.0885775870279894,0.0859450040878444,0.1772162648380326,0.2472105075660563,0.1340596502076961,0.1930574593741094,0.103754454774042,0.0238402702788561,10_sp_aij_24,5140131,0.01,10,9391,24,10,seq
116,16.060606060606062,0.0292484368873979,0.2636728943458989,0.0870646148507259,0.0864854639510606,0.1780651428947143,0.2482042961955412,0.1348873733690714,0.1948764511579149,0.1026176050192015,0.0212626888353998,10_sp_aij_24,5140131,0.01,10,9391,24,10,seq
117,17.272727272727273,0.0271184728405687,0.2632713489015463,0.0871625813381084,0.0867559362891882,0.1685967794555446,0.2445295141132107,0.136540499041619,0.195980647788173,0.098556350065779,0.0205337242580271,10_sp_aij_24,5140131,0.01,10,9391,24,10,seq
118,18.484848484848484,0.0262959505761207,0.261841209022129,0.0855909727379329,0.0843651318660516,0.1643897029333671,0.238893621985806,0.1351955560239753,0.1927613784972611,0.0976649250922298,0.0189150168833653,10_sp_aij_24,5140131,0.01,10,9391,24,10,seq
119,20.0,0.0241947356297679,0.270476048723073,0.0845420090071868,0.0835664236271117,0.1707970404892326,0.248269912750602,0.131749789426954,0.1967770405461803,0.0987339662557555,0.0167792256110484,10_sp_aij_24,5140131,0.01,10,9391,24,10,seq
120,10.0,0.0421169517621129,0.2520619989306438,0.110379982904484,0.0650491701337168,0.1576775530290786,0.2268398602277547,0.1227443929796326,0.2066796367298604,0.0880807576990122,0.0382408626128061,10_sp_aij_24,5576645,0.01,10,9391,24,10,seq
121,11.212121212121213,0.0383872707316228,0.2535643711053293,0.1018285543658292,0.0684167668783978,0.1602843363446518,0.2340825430684792,0.1216966435422668,0.1970155599783004,0.0921067137342037,0.0354401094518195,10_sp_aij_24,5576645,0.01,10,9391,24,10,seq
122,12.424242424242424,0.037540786797845,0.2535785920351419,0.0964679155477849,0.0708702584803374,0.1611724604019066,0.2425465757123063,0.123075588917604,0.1977484111883264,0.0963363137645517,0.032845093933092,10_sp_aij_24,5576645,0.01,10,9391,24,10,seq
123,13.636363636363637,0.0360171041434012,0.255918314386641,0.0908361740851008,0.0722352242694588,0.1685686919102877,0.2437381593149592,0.1272706175760854,0.1891218582404423,0.095609105484196,0.0296582514760189,10_sp_aij_24,5576645,0.01,10,9391,24,10,seq
124,14.84848484848485,0.0341184530351779,0.2572395336458128,0.0916173754741202,0.0729882439161217,0.1614854571132654,0.246999057982287,0.1316468639915164,0.1903247655364003,0.0971829206416902,0.0276456890142314,10_sp_aij_24,5576645,0.01,10,9391,24,10,seq
125,16.060606060606062,0.0328564505091542,0.2576189514348356,0.0892547627716414,0.0762720607403138,0.1640189260783762,0.2455253693499889,0.132657660847151,0.1885870960187385,0.1015853136253051,0.0258473592599886,10_sp_aij_24,5576645,0.01,10,9391,24,10,seq
126,17.272727272727273,0.0311145129048888,0.25961214113025,0.0895615622710895,0.0793927969802779,0.1637705177324791,0.2455683724554163,0.1366100322021012,0.1885686724023988,0.0954776730003073,0.0256204457151648,10_sp_aij_24,5576645,0.01,10,9391,24,10,seq
127,18.484848484848484,0.0296496136010065,0.2580877662623437,0.0861882089972456,0.0806015162302689,0.1651820518424564,0.2473079784640816,0.1326294429915329,0.1859031227554344,0.0969948923011164,0.0243982026906207,10_sp_aij_24,5576645,0.01,10,9391,24,10,seq
128,20.0,0.027685801214081,0.2628427846421098,0.0832334870098568,0.0797557700278047,0.162082046692551,0.2503891354694112,0.1329523847126552,0.188712356233882,0.0979213230428213,0.0226360396489046,10_sp_aij_24,5576645,0.01,10,9391,24,10,seq
129,21.21212121212121,0.0265446109316839,0.2634209894948536,0.0825437253957211,0.0800091442869786,0.1637264639328064,0.2455230933767085,0.1304591416448861,0.1940079997872604,0.0974787226194022,0.0208412689946212,10_sp_aij_24,5576645,0.01,10,9391,24,10,seq
130,11.212121212121213,0.0433997406728434,0.2636699217217209,0.0940839823871971,0.0835326583462972,0.1787726626783649,0.2534455443693117,0.1356334743976924,0.1954372597868147,0.1120378998316237,0.0265876693131293,10_sp_aij_24,5589942,0.01,10,9391,24,10,seq
131,12.424242424242424,0.0394567112777077,0.2645493917208825,0.0893587557503589,0.0833133572335268,0.1733422297888189,0.2521827744318902,0.1335828315535246,0.1971212938465683,0.1086667562667795,0.0243471969311337,10_sp_aij_24,5589942,0.01,10,9391,24,10,seq
132,13.636363636363637,0.0353671817156973,0.2566143494693622,0.0865830633436025,0.0834136690028834,0.172819891579027,0.2453714835043036,0.1353889024063616,0.1952316623211085,0.107650216405097,0.0222687807689044,10_sp_aij_24,5589942,0.01,10,9391,24,10,seq
133,14.84848484848485,0.0334296712919993,0.2618749772086841,0.0853766069106931,0.0852459839472702,0.1752026561026648,0.2473412946724653,0.1358371204587349,0.198775499715641,0.1072738554753011,0.0206006316166027,10_sp_aij_24,5589942,0.01,10,9391,24,10,seq
134,16.060606060606062,0.0309675474590477,0.2613527198455964,0.086318058029701,0.0873391311954272,0.1727658665692499,0.2463072406762066,0.1364505054221327,0.1897740180919003,0.1079203864244263,0.0189753312583847,10_sp_aij_24,5589942,0.01,10,9391,24,10,seq
135,17.272727272727273,0.0293177752245026,0.2559956903582849,0.0870651371992169,0.0846852957314346,0.1732688448760313,0.2545127285387574,0.1433057494115289,0.1921468028541698,0.1056386401966849,0.0182768202363334,10_sp_aij_24,5589942,0.01,10,9391,24,10,seq
136,18.484848484848484,0.0288635638755592,0.2628889061450804,0.0862017647301504,0.0840707077490994,0.1670066358545897,0.2489655934988418,0.136695441794334,0.1936092134687516,0.1042712622732302,0.0173767629064023,10_sp_aij_24,5589942,0.01,10,9391,24,10,seq
137,20.0,0.027502005690271,0.2699120667480059,0.0838799850076465,0.0834104472817976,0.1660846582513867,0.2510765964784522,0.1391532474885314,0.1906746566456206,0.1015441278243853,0.0165079074306448,10_sp_aij_24,5589942,0.01,10,9391,24,10,seq
138,21.21212121212121,0.0257557186560302,0.2697084707293249,0.0845188616179482,0.0826958343471148,0.1702954487954346,0.2485092205740204,0.1331260885468838,0.1894630214440809,0.0978498478911955,0.0154818188846412,10_sp_aij_24,5589942,0.01,10,9391,24,10,seq
139,22.424242424242426,0.0242092893009178,0.2642873363712186,0.0843079620700911,0.0826640395960428,0.1695020143939237,0.2446665701453551,0.132694982626957,0.186614374316369,0.0978277307732805,0.0148512402765128,10_sp_aij_24,5589942,0.01,10,9391,24,10,seq
140,4.848484848484849,0.1143659182363569,0.1836541607816438,0.1679018630407924,0.0792036116494593,0.1532554974858938,0.2142246114314077,0.1414654651657828,0.2081002879347176,0.1300733046853429,0.0523894304777346,10_sp_aij_24,8493390,0.01,10,9391,24,10,seq
141,6.0606060606060606,0.0898243498063504,0.2175831704386326,0.1479158025097781,0.0853500024000861,0.1671399971102019,0.2259486939767733,0.142533269519646,0.219315977133427,0.1297526429182339,0.0465355970031045,10_sp_aij_24,8493390,0.01,10,9391,24,10,seq
142,7.272727272727273,0.0724983254860815,0.2331443048295609,0.1291312453538096,0.0889498818757644,0.1750964049708542,0.2284780382346959,0.1420367790500246,0.2112168567930468,0.1314652849916179,0.0414159258111924,10_sp_aij_24,8493390,0.01,10,9391,24,10,seq
143,8.484848484848484,0.0623771522751286,0.2474758295212461,0.1173132706014305,0.09491064346666,0.1796518991109861,0.2334051621266555,0.1411828783402219,0.2125412006171025,0.1281588815827987,0.0365225763043796,10_sp_aij_24,8493390,0.01,10,9391,24,10,seq
144,10.0,0.0500904792815169,0.254205199220217,0.1031496614907876,0.0932930188112394,0.1831017401323544,0.242374401197441,0.1395642303405467,0.2111934347332068,0.1217625237756568,0.0320793622067525,10_sp_aij_24,8493390,0.01,10,9391,24,10,seq
145,11.212121212121213,0.0433422633534457,0.2588072213603711,0.0947206484037373,0.0924284791745271,0.184089668785908,0.2393625428152892,0.1357960288414023,0.2063308682791508,0.1140769499888111,0.0283411470175999,10_sp_aij_24,8493390,0.01,10,9391,24,10,seq
146,12.424242424242424,0.0399946747339688,0.2622603085057121,0.0893071018040347,0.0884403803158644,0.1819548754801359,0.2438262051554307,0.1352333671851604,0.1946644604644883,0.1099772755126131,0.0245656683932977,10_sp_aij_24,8493390,0.01,10,9391,24,10,seq
147,13.636363636363637,0.0369735573555933,0.2665852396950798,0.084789723888227,0.0884944050717376,0.1783396920634398,0.2426321273657854,0.1365209620446799,0.1944511889200462,0.1091142821785294,0.0228697720488734,10_sp_aij_24,8493390,0.01,10,9391,24,10,seq
148,14.84848484848485,0.0334424629531913,0.2688890053852004,0.084489997617324,0.0890353555616625,0.175839186121842,0.2433045483367823,0.1343192588816927,0.1904038302531981,0.1077196116002774,0.0212644582238805,10_sp_aij_24,8493390,0.01,10,9391,24,10,seq
149,16.060606060606062,0.030893566698692,0.261067067778544,0.0848865177338893,0.0855527356304593,0.1721125338447174,0.2445952023731369,0.1324526442907973,0.187615938755808,0.1034734330345882,0.0195893090375809,10_sp_aij_24,8493390,0.01,10,9391,24,10,seq
150,10.0,0.0534946612120302,0.2541566786219905,0.1036813808759441,0.0905515004472431,0.1810252917078651,0.2480197807933408,0.1383677424700171,0.2041603803751081,0.1223044124743349,0.0298109983181482,10_sp_aij_24,8982779,0.01,10,9391,24,10,seq
151,11.212121212121213,0.0479939572592232,0.2601119246785543,0.0976807314836794,0.0923089717695122,0.1845979912061748,0.2405722465413347,0.1370817162048429,0.2016108335383185,0.1156227455156808,0.0264874810920446,10_sp_aij_24,8982779,0.01,10,9391,24,10,seq
152,12.424242424242424,0.04235877754963,0.2659181507774061,0.0910224251908066,0.0930021508615482,0.1763709572026062,0.2429979822924433,0.1389304587448048,0.1929182079334836,0.116123370459543,0.0232827381813318,10_sp_aij_24,8982779,0.01,10,9391,24,10,seq
153,13.636363636363637,0.038107578658683,0.2608512179269465,0.0893117630819761,0.0928035078173828,0.1731953525695242,0.2470804351457656,0.140548111832751,0.1957821447253047,0.114009603229876,0.0209184156331208,10_sp_aij_24,8982779,0.01,10,9391,24,10,seq
154,14.84848484848485,0.0350754602283607,0.2600969456369149,0.0865545447642094,0.0920964865460616,0.1753205659261326,0.2548424781762912,0.1380794940405147,0.1982643218989154,0.1096072809316861,0.0184242135884513,10_sp_aij_24,8982779,0.01,10,9391,24,10,seq
155,16.060606060606062,0.0311936191294954,0.2683849481209758,0.08409872192037,0.089349056936541,0.1760208362398649,0.2526819005372656,0.1441707786592985,0.1873108019762708,0.1056587527491335,0.0168172335803447,10_sp_aij_24,8982779,0.01,10,9391,24,10,seq
156,17.272727272727273,0.0281214283908528,0.275825177442741,0.0837682162522706,0.0890591993468386,0.1703020201587246,0.2502584129201043,0.1379217791171173,0.1908837652891873,0.1016928912890584,0.0157885218932272,10_sp_aij_24,8982779,0.01,10,9391,24,10,seq
157,18.484848484848484,0.0257262074626121,0.274671975166682,0.081801687739351,0.0845988079718144,0.166831564436796,0.2446700959944302,0.1338242156280169,0.1909677205645091,0.097226315140105,0.0149901367603829,10_sp_aij_24,8982779,0.01,10,9391,24,10,seq
158,20.0,0.0241779420135184,0.2689321533544105,0.083320361106712,0.082046996028139,0.161990973938852,0.2435622213663861,0.1301165704201836,0.1926523095974546,0.0966732505626323,0.0143040798965963,10_sp_aij_24,8982779,0.01,10,9391,24,10,seq
159,21.21212121212121,0.0231458064537079,0.2636507819905476,0.0856056793602201,0.0773083151351032,0.1637114682040908,0.2398530314861016,0.1336733229959196,0.1921180289980989,0.0953554967336784,0.0138859540509479,10_sp_aij_24,8982779,0.01,10,9391,24,10,seq
160,0.0,0.06,0.08,0.04,0.05,0.07,0.09,0.05,0.09,0.04,0.05,10_sp_aij_24,9036584,0.01,10,9391,24,10,seq
161,1.2121212121212122,0.0888278131288366,0.1253546229741901,0.0763848111304217,0.0543677824622299,0.098067200254306,0.1436165340632021,0.0865010019699925,0.1045473184028895,0.0515559285822344,0.0497333190859725,10_sp_aij_24,9036584,0.01,10,9391,24,10,seq
162,2.4242424242424243,0.095065681953049,0.1668827708223215,0.1087829464594642,0.0558580143993304,0.1210678735614364,0.1938597545512429,0.1139246338905664,0.128289007107941,0.0695863823237691,0.0506475087789118,10_sp_aij_24,9036584,0.01,10,9391,24,10,seq
163,3.6363636363636367,0.0899749683303138,0.1963117210165327,0.1221021572847503,0.0576229794289923,0.1376648513558385,0.2256549193349669,0.1258992406678496,0.1553214211766297,0.0859277551973916,0.0512877992539184,10_sp_aij_24,9036584,0.01,10,9391,24,10,seq
164,4.848484848484849,0.0789245357611409,0.2174717663042841,0.1227932126921722,0.063066930863363,0.1580921571259238,0.2415166471979818,0.1316046235539886,0.179257570968622,0.1048631715834538,0.0479255071166191,10_sp_aij_24,9036584,0.01,10,9391,24,10,seq
165,6.0606060606060606,0.0702488835301298,0.2380011354220582,0.1133180650670644,0.0666574830267517,0.1595019953678434,0.2530042568823997,0.134643847069302,0.191590309490661,0.1124163520456182,0.0442774082735432,10_sp_aij_24,9036584,0.01,10,9391,24,10,seq
166,7.272727272727273,0.061197799404196,0.238407479329369,0.1069727457682993,0.0705741468330154,0.1694706335322681,0.2499146027305991,0.1342683854019634,0.1932862856685709,0.117177334182026,0.0395883959098758,10_sp_aij_24,9036584,0.01,10,9391,24,10,seq
167,8.484848484848484,0.0563482842642923,0.2429099249184779,0.1009791368241436,0.0763515913946224,0.1728341339216652,0.2475966320130407,0.1341602442066373,0.1927381926645028,0.1140595407355257,0.0352013507663756,10_sp_aij_24,9036584,0.01,10,9391,24,10,seq
168,10.0,0.0501454786514714,0.2501259638291641,0.0952374833452316,0.0804820058065756,0.1758427172369454,0.2518276104608639,0.1346229320101168,0.1925563114420616,0.11326444544479,0.030820369146433,10_sp_aij_24,9036584,0.01,10,9391,24,10,seq
169,11.212121212121213,0.0453499063001099,0.2633225119220079,0.090897405987429,0.080015572964627,0.1729215303416091,0.2517920372290749,0.1320217170251726,0.1884009456254569,0.1126388667930007,0.0276705782218968,10_sp_aij_24,9036584,0.01,10,9391,24,10,seq
170,0.0,0.09,0.09,0.01,0.06,0.03,0.04,0.04,0.04,0.04,0.01,10_sp_aij_24,9275155,0.01,10,9391,24,10,seq
171,1.2121212121212122,0.123197098490673,0.1186669199284225,0.0233549826978002,0.0563166936314696,0.0450114269938064,0.0793088093141904,0.0792261583786735,0.0529802723699848,0.0550432055371394,0.0113441956427476,10_sp_aij_24,9275155,0.01,10,9391,24,10,seq
172,2.4242424242424243,0.1330502747424844,0.1448973796473737,0.0469472325686251,0.0530958149174387,0.0649159718732005,0.1359298391343066,0.1157035701511907,0.0728501955242173,0.0761635236195939,0.0129073570722291,10_sp_aij_24,9275155,0.01,10,9391,24,10,seq
173,3.6363636363636367,0.1311334375305285,0.1645109021305604,0.0806646235964669,0.0534516617699291,0.0892909897418003,0.1903438626068956,0.1404730894743943,0.1020988070160392,0.1007718404594659,0.0151719334202727,10_sp_aij_24,9275155,0.01,10,9391,24,10,seq
174,4.848484848484849,0.1164309088356768,0.1874403576653374,0.1101806843646103,0.0566343619101278,0.1160911814564606,0.2237678612858815,0.1524904806400152,0.139933033587246,0.1157703864218491,0.0177362644809506,10_sp_aij_24,9275155,0.01,10,9391,24,10,seq
175,6.0606060606060606,0.0972110243034085,0.2076691981026173,0.1214691077907617,0.0644769490230027,0.141270656091709,0.2368339330072916,0.1503064825711834,0.1757553137148834,0.1273629180428653,0.0197434917986478,10_sp_aij_24,9275155,0.01,10,9391,24,10,seq
176,7.272727272727273,0.0810209140758622,0.2267073867275806,0.1187308066054453,0.0706760442276112,0.1556426060954704,0.2389414538439126,0.1481426064498957,0.2000251169245523,0.1294373819724307,0.0196253980399954,10_sp_aij_24,9275155,0.01,10,9391,24,10,seq
177,8.484848484848484,0.067027052427017,0.236351531097941,0.1105046752773952,0.0772546407474133,0.1599073384577159,0.2407857374008545,0.1427995144078177,0.2044143587727223,0.1254623174179923,0.0195758797339299,10_sp_aij_24,9275155,0.01,10,9391,24,10,seq
178,10.0,0.0570132760597098,0.2455380416255579,0.1035647907020319,0.0836629499567872,0.1696960544456112,0.2414206622102159,0.1338115016052416,0.1981086323086569,0.1167074515746333,0.0182361942483205,10_sp_aij_24,9275155,0.01,10,9391,24,10,seq
179,11.212121212121213,0.0516235761897012,0.2528504541817087,0.099709698789462,0.0842840845265884,0.172094947646426,0.2461131895749626,0.1301823434141055,0.1931853193178914,0.1087381825202878,0.0175590245494052,10_sp_aij_24,9275155,0.01,10,9391,24,10,seq
180,10.0,0.0782102151616482,0.233922827284103,0.1258619344137086,0.0700970021160828,0.1824967660431313,0.2507904454126233,0.1472740479692567,0.215019565444526,0.1410303763669163,0.0589753742752865,10_sp_aij_24,9845126,0.01,10,9391,24,10,seq
181,11.212121212121213,0.0676211137191502,0.2538685184207151,0.1153242947141375,0.079748327408527,0.1852662334426334,0.2512018823501092,0.1445266828330737,0.2081427483246119,0.1353051503336097,0.0507470088654046,10_sp_aij_24,9845126,0.01,10,9391,24,10,seq
182,12.424242424242424,0.0587970698231821,0.2562770186133765,0.1049927788391779,0.0810551303866231,0.182890477713785,0.2621815359812985,0.1406959000628846,0.2057672438192643,0.1265077521907313,0.0422153275436925,10_sp_aij_24,9845126,0.01,10,9391,24,10,seq
183,13.636363636363637,0.0524031509293058,0.2600604094637749,0.0978597327469476,0.0838073295545996,0.1829887953184898,0.251415623214589,0.1379326393116043,0.1983121805849633,0.1252347152081085,0.0375928393341823,10_sp_aij_24,9845126,0.01,10,9391,24,10,seq
184,14.84848484848485,0.0488924716049795,0.2647437624196909,0.0933425398279409,0.0865765547658149,0.1821370276993196,0.248001415241684,0.1396542433521259,0.1931447625755136,0.1167387000326625,0.0324469813175865,10_sp_aij_24,9845126,0.01,10,9391,24,10,seq
185,16.060606060606062,0.0450589054753963,0.2558360421022054,0.0894199543945288,0.0873909811705371,0.1819854456237925,0.2487085268151863,0.1384862756282629,0.1955649932661529,0.112274844605936,0.0278703105843957,10_sp_aij_24,9845126,0.01,10,9391,24,10,seq
186,17.272727272727273,0.0409117315937446,0.2572120135898149,0.0897616435505198,0.0854717974660347,0.174617545947385,0.2497568909521353,0.1404645345310776,0.1926304613871035,0.1089973855461771,0.0259861697428617,10_sp_aij_24,9845126,0.01,10,9391,24,10,seq
187,18.484848484848484,0.0375262561589587,0.2616541245930764,0.0904959891965386,0.0865562963291851,0.1787915810450508,0.2535944553424202,0.1366382667041395,0.1902524125759882,0.1063477414570722,0.0239269266383117,10_sp_aij_24,9845126,0.01,10,9391,24,10,seq
188,20.0,0.0335895025361949,0.2637991540641031,0.0871036957310969,0.0808654932448889,0.1736345694219662,0.2533213202887342,0.1343678874568852,0.1901256091567954,0.1036248133546713,0.0225080352398784,10_sp_aij_24,9845126,0.01,10,9391,24,10,seq
189,21.21212121212121,0.0306430665044703,0.2682767989525587,0.0805512944084652,0.0826703947861871,0.1754433610124883,0.2534889316247843,0.1332330922416388,0.1896303927295348,0.1001612391700071,0.0212763788929647,10_sp_aij_24,9845126,0.01,10,9391,24,10,seq
190,4.848484848484849,0.0929847809867055,0.207606965835531,0.1535870039328615,0.0718041548982257,0.1598465211752302,0.2447516147658666,0.1471196630455405,0.197449412032012,0.1270020295300833,0.067246166313284,10_sp_aij_24,10011807,0.01,10,9391,24,10,seq
191,6.0606060606060606,0.0800158090489786,0.2312973673394945,0.1335601654320414,0.0785178222873644,0.1742523593087783,0.2463647014510468,0.1458916303089105,0.2047350853731046,0.1250142448832767,0.0579170110067423,10_sp_aij_24,10011807,0.01,10,9391,24,10,seq
192,7.272727272727273,0.0671812869556281,0.2345599337959073,0.1175994746476206,0.0833011808873592,0.1851959999592196,0.2590760637731058,0.1448585253023765,0.2066345146632069,0.1266261265808002,0.0499194127875617,10_sp_aij_24,10011807,0.01,10,9391,24,10,seq
193,8.484848484848484,0.0590680853091334,0.2501052352481444,0.1091663276366567,0.0861459255196412,0.1885137904731023,0.2494573477456301,0.1420215605242391,0.2062078660850769,0.1288831671453127,0.0418209105385087,10_sp_aij_24,10011807,0.01,10,9391,24,10,seq
194,10.0,0.0490320957566938,0.2529251063310851,0.0979854357864542,0.0922927943123147,0.1832905533413137,0.2494343939061039,0.1401592001227551,0.2019714231476743,0.1188851045038801,0.034114956725402,10_sp_aij_24,10011807,0.01,10,9391,24,10,seq
195,11.212121212121213,0.041834510480747,0.258086054491259,0.0953879914844599,0.0884653339971636,0.1823278264856873,0.2499749609925458,0.1406559537023503,0.2004251361810492,0.1144951196810686,0.0304689118439215,10_sp_aij_24,10011807,0.01,10,9391,24,10,seq
196,12.424242424242424,0.0379765951993111,0.2644015551777321,0.0908931238481526,0.0874917821887374,0.1780461355672396,0.2532848204284659,0.1372467199983415,0.1959369342291965,0.1093157428316504,0.0274283406688409,10_sp_aij_24,10011807,0.01,10,9391,24,10,seq
197,13.636363636363637,0.0345246425875497,0.2661272069589551,0.0860850237650988,0.084523498402821,0.1705395143827278,0.2415891547826824,0.1308169722133788,0.1919647395115622,0.1058388281706386,0.0248685201567573,10_sp_aij_24,10011807,0.01,10,9391,24,10,seq
198,14.84848484848485,0.0327093980211862,0.2604140347571282,0.0861873245842896,0.0830509271592434,0.1701820814691379,0.2398299826116986,0.1341679775473421,0.1917997385213189,0.1018646001603856,0.0225173226359764,10_sp_aij_24,10011807,0.01,10,9391,24,10,seq
199,16.060606060606062,0.0304262043810318,0.2592720913425723,0.0859631793021347,0.0808264165310334,0.1686521325385462,0.2454050953727293,0.1402346146038265,0.189967421290199,0.1019058963681776,0.0209598582751705,10_sp_aij_24,10011807,0.01,10,9391,24,10,seq
200,1.2121212121212122,0.0468051599441127,0.0852839909447977,0.1364501782748706,0.0775769230269971,0.078392511028829,0.1436589875088929,0.0996603953054403,0.0806275025327357,0.013696265776565,0.0350469420799088,10_sp_aij_24,10488077,0.01,10,9391,24,10,seq
201,2.4242424242424243,0.0539267061930596,0.1440685338539032,0.1757592566954765,0.0716610802163615,0.0922898934897223,0.1960073441887393,0.119795962312808,0.1337129098802841,0.0198781600385513,0.0399560707840953,10_sp_aij_24,10488077,0.01,10,9391,24,10,seq
202,3.6363636363636367,0.0499005289755058,0.1994893927260627,0.1721598003569769,0.0708282427669095,0.1078738949095088,0.2196152867353922,0.116853422348546,0.1808038084930379,0.0277500962457578,0.0427882667110319,10_sp_aij_24,10488077,0.01,10,9391,24,10,seq
203,4.848484848484849,0.0425111693339945,0.2256021240037505,0.1525461261490949,0.0693031250752569,0.1220810016301412,0.2233493478166127,0.108034119020809,0.2092602907849171,0.037300399541255,0.0413870113633506,10_sp_aij_24,10488077,0.01,10,9391,24,10,seq
204,6.0606060606060606,0.0366415132869422,0.2358817085516306,0.1332644142943499,0.0666957162463287,0.133850896677344,0.2242346110037084,0.1022792820578376,0.2099500177495236,0.0461740887321767,0.0379302839230751,10_sp_aij_24,10488077,0.01,10,9391,24,10,seq
205,7.272727272727273,0.0325261475611909,0.2477369507639075,0.1156277738644771,0.063211896278749,0.1411277083864719,0.217725766764074,0.0997690355940334,0.2040869336694777,0.0540002756683554,0.0354685638718067,10_sp_aij_24,10488077,0.01,10,9391,24,10,seq
206,8.484848484848484,0.0304882177009067,0.2469392533414404,0.1043692201113171,0.0623080435683087,0.1425037474220029,0.2227210641484145,0.1032359509820764,0.1975112290196794,0.0638425073337689,0.033421296886776,10_sp_aij_24,10488077,0.01,10,9391,24,10,seq
207,10.0,0.0303014486101743,0.2578039834141503,0.0964835806478707,0.0648487445864772,0.1497478838420192,0.2308678167555835,0.104360337513778,0.1906404337538589,0.070292957345119,0.0305057669406122,10_sp_aij_24,10488077,0.01,10,9391,24,10,seq
208,11.212121212121213,0.0293218345796607,0.2586746939805102,0.0916713240966544,0.0664509710321587,0.1507852478778032,0.2377532962060257,0.1093595331694743,0.1918156717905695,0.0740454653046957,0.0282490971427597,10_sp_aij_24,10488077,0.01,10,9391,24,10,seq
209,12.424242424242424,0.0279974316988547,0.2636679132858001,0.0864747082168592,0.0669829527941023,0.1529079031782997,0.2480632503580546,0.113975058316535,0.1872240176970564,0.0784010329498677,0.0266948430004311,10_sp_aij_24,10488077,0.01,10,9391,24,10,seq
210,2.4242424242424243,0.1015807915274093,0.1261827963080144,0.1677471553356578,0.066813770717718,0.0879421918197584,0.096111037303602,0.1958018972667451,0.0480492794434633,0.106676746223158,0.0801013204054603,10_sp_aij_24,10793741,0.01,10,9391,24,10,seq
211,3.6363636363636367,0.1071743981874305,0.148033473310153,0.1975245937122198,0.0700689749835614,0.1057446157662706,0.1902395106632246,0.2096368788834704,0.1097971619313324,0.1300733013415545,0.079144799201119,10_sp_aij_24,10793741,0.01,10,9391,24,10,seq
212,4.848484848484849,0.0942435174346829,0.1775331962907816,0.1975498371995833,0.0783984320620192,0.1289224546396527,0.2468367282375837,0.1929008514568744,0.1860842806404859,0.1427315636133892,0.0801985984723489,10_sp_aij_24,10793741,0.01,10,9391,24,10,seq
213,6.0606060606060606,0.080248263619724,0.2101232110909345,0.1734401577265481,0.0880861452851931,0.158756859472936,0.2453560868350038,0.171617019900042,0.2285254886028253,0.1442469765730533,0.0689196187694537,10_sp_aij_24,10793741,0.01,10,9391,24,10,seq
214,7.272727272727273,0.0641265844908621,0.2331699532167544,0.1421314943669496,0.0984043100127764,0.1793787810432948,0.2374908542596336,0.1563575195755836,0.2343093239116581,0.1432135620460253,0.0561548876882398,10_sp_aij_24,10793741,0.01,10,9391,24,10,seq
215,8.484848484848484,0.0534657802916167,0.2533753479348076,0.1239049857575689,0.0976349569783909,0.1873181696390174,0.2517478035733121,0.1472956260461292,0.225661840261131,0.1341562081610965,0.0460721606314329,10_sp_aij_24,10793741,0.01,10,9391,24,10,seq
216,10.0,0.0437379688659745,0.2645891745669945,0.1045563415376984,0.0967429191846659,0.1890133360322859,0.2494009325719514,0.1430705137157937,0.2131207336799859,0.1228427337113044,0.0370177074055676,10_sp_aij_24,10793741,0.01,10,9391,24,10,seq
217,11.212121212121213,0.0392076380757711,0.2672445823267452,0.0970909819365953,0.0948968191562551,0.1840924532840943,0.2450548225869257,0.1363994357478538,0.2094640526750496,0.1176920217083665,0.0321919896742604,10_sp_aij_24,10793741,0.01,10,9391,24,10,seq
218,12.424242424242424,0.0363241433435263,0.261987302424058,0.0936633197847728,0.093571339261435,0.1805994975102046,0.2470375298172474,0.1346384404639797,0.2000171795531731,0.1119420738277517,0.0271181357803119,10_sp_aij_24,10793741,0.01,10,9391,24,10,seq
219,13.636363636363637,0.0336535599052032,0.2679314862380573,0.0883573856882439,0.0936340831864425,0.1812739432227569,0.2440672618298874,0.1335551595386351,0.1950060053277009,0.1080532348198513,0.0240449061408614,10_sp_aij_24,10793741,0.01,10,9391,24,10,seq
220,4.848484848484849,0.1309387607399037,0.1860611433612319,0.1355648478716136,0.0388189147182283,0.1233530224664221,0.2164005585410452,0.0875471025934019,0.1670925672571639,0.1037378604347252,0.0222843750401349,10_sp_aij_24,11563241,0.01,10,9391,24,10,seq
221,6.0606060606060606,0.1126718811597144,0.2067765726655929,0.1223301689573739,0.0455947837213905,0.1362562005908999,0.2262556609445073,0.1057572312647671,0.1817293276709498,0.1132625914779102,0.0242175144230415,10_sp_aij_24,11563241,0.01,10,9391,24,10,seq
222,7.272727272727273,0.100318894284724,0.2206366325110726,0.1147609902436126,0.0536709007532456,0.146990626434279,0.2327064255433413,0.1165321223766183,0.191123346221708,0.1199831336796044,0.0241314377878707,10_sp_aij_24,11563241,0.01,10,9391,24,10,seq
223,8.484848484848484,0.0868472312723786,0.2325817457736232,0.1068960458925709,0.062195519217384,0.161692657517116,0.2398342259945988,0.1279255492352161,0.1921356560688069,0.1184288149185354,0.0252747002797853,10_sp_aij_24,11563241,0.01,10,9391,24,10,seq
224,10.0,0.071221639629771,0.2420891843690857,0.1003101456313938,0.0696102013964695,0.1703216789582365,0.2377431509319899,0.1329484856175944,0.1923735011534504,0.1189648608242922,0.0251804112093362,10_sp_aij_24,11563241,0.01,10,9391,24,10,seq
225,11.212121212121213,0.0637154358503577,0.2459290022642323,0.0995559352713768,0.0733800340386455,0.1715396973745711,0.2434668236807211,0.1352703183159342,0.1903445786756375,0.1199050361095387,0.023682884337237,10_sp_aij_24,11563241,0.01,10,9391,24,10,seq
226,12.424242424242424,0.0560583795197521,0.2502556069221411,0.0957592908214427,0.0772902119946963,0.1766238173807107,0.2461562859861516,0.1367670933935292,0.1936885377959962,0.1177315516086387,0.0224114416315104,10_sp_aij_24,11563241,0.01,10,9391,24,10,seq
227,13.636363636363637,0.0497855423467875,0.257373417955103,0.0911160552028655,0.0809233072674359,0.1729117027224403,0.2456449803595608,0.1391028150553488,0.1960500228677392,0.1126262860988345,0.0212991624370405,10_sp_aij_24,11563241,0.01,10,9391,24,10,seq
228,14.84848484848485,0.0452946234532405,0.2560557015137888,0.0891803186053014,0.0845892892362203,0.1740263196617078,0.2443509934220814,0.1342601294135194,0.1954646425617904,0.1123839470084504,0.0194491612867083,10_sp_aij_24,11563241,0.01,10,9391,24,10,seq
229,16.060606060606062,0.0394332903258325,0.2616757091410519,0.0888401351893774,0.0864341035443165,0.1732672630278829,0.2456735607316045,0.1364865459594017,0.1908946958681519,0.109288731521393,0.0176766435495042,10_sp_aij_24,11563241,0.01,10,9391,24,10,seq
230,1.2121212121212122,0.131440552904606,0.1221304705440367,0.0212418941760795,0.0355755515182875,0.0894915632728897,0.110448089129158,0.0643658218636776,0.0844527000188611,0.0867433921223045,0.0498022717439691,10_sp_aij_24,12733201,0.01,10,9391,24,10,seq
231,2.4242424242424243,0.155441964777374,0.1478207576254598,0.0389511749643623,0.0425648737974678,0.1185022149178102,0.1706294341023148,0.1053373375512226,0.0976534884545096,0.1131667593456724,0.0498648204785214,10_sp_aij_24,12733201,0.01,10,9391,24,10,seq
232,3.6363636363636367,0.1520037274730401,0.1700150783168555,0.0602789614514636,0.0484173978581237,0.1427719908425271,0.2211014856353696,0.139561641068843,0.115683563536887,0.1349876999765841,0.0494895629725634,10_sp_aij_24,12733201,0.01,10,9391,24,10,seq
233,4.848484848484849,0.1400796230785501,0.1873123580423556,0.078069945061257,0.0565528739445911,0.1676971682154375,0.2480579814937387,0.1599799086701579,0.1385124310119937,0.1485141415659951,0.0486676189963133,10_sp_aij_24,12733201,0.01,10,9391,24,10,seq
234,6.0606060606060606,0.1188904343281725,0.210527972025327,0.0947274087186874,0.0637594780373935,0.1803035946935681,0.2663745422834088,0.1645225942265421,0.1648687683279925,0.1532440344413667,0.0470987559778149,10_sp_aij_24,12733201,0.01,10,9391,24,10,seq
235,7.272727272727273,0.1008150655837925,0.2351838241865139,0.0965767628908562,0.0724056917559351,0.1883150164297303,0.26798670785563,0.1641056920302041,0.1827993445477154,0.1523792280689165,0.0423315363815673,10_sp_aij_24,12733201,0.01,10,9391,24,10,seq
236,8.484848484848484,0.086246440324511,0.2397945597935616,0.094003131710994,0.0786602359159502,0.1873969630488971,0.262082828435836,0.1579236913417614,0.1940517562682054,0.146551199134734,0.0382857659323894,10_sp_aij_24,12733201,0.01,10,9391,24,10,seq
237,10.0,0.067417455147902,0.251416108483397,0.0926894329904254,0.0858160462959433,0.1883824024278991,0.2526389365262314,0.1506617220404764,0.1965015464381163,0.1341464174523757,0.0340534854594193,10_sp_aij_24,12733201,0.01,10,9391,24,10,seq
238,11.212121212121213,0.0586438593609308,0.2545682706088697,0.0918339309310217,0.0883757365522683,0.1934309908702365,0.2569506817475027,0.147899263528593,0.2026773757842675,0.1284070257587142,0.0296610502238862,10_sp_aij_24,12733201,0.01,10,9391,24,10,seq
239,12.424242424242424,0.0506461603228515,0.2577237426961598,0.091231910457021,0.0904279605092605,0.1900537192905802,0.2550063482150786,0.1390071248082237,0.2017495762341931,0.121809660913457,0.0262863361921227,10_sp_aij_24,12733201,0.01,10,9391,24,10,seq
