,time,species_0,species_1,species_2,species_3,species_4,species_5,species_6,species_7,species_8,species_9,ground_truth,timeseries_id,noise,n_species,did,n_timeseries,n_timepoints,sampling_scheme
0,0.0,0.04,0.05,0.01,0.02,0.02,0.07,0.01,0.09,0.07,0.03,10_sp_aij_48,36656,0.01,10,23344,14,10,random
1,7.272727272727273,0.1432914248596972,0.0711117458235332,0.0035683597133003,0.102793839545696,0.2954913900549158,0.1433828862692194,0.3022204659661248,0.3050344363674611,0.0925437680270287,0.155429296714796,10_sp_aij_48,36656,0.01,10,23344,14,10,random
2,10.0,0.1754952027332064,0.0406647455970128,0.0,0.1179327225086483,0.3398582599333828,0.1214416620748089,0.2941416332225927,0.321840510420619,0.1163562416079205,0.1307257397101151,10_sp_aij_48,36656,0.01,10,23344,14,10,random
3,13.636363636363637,0.1855502147925056,0.0257057716089611,0.0,0.1141974971102248,0.3251188190715492,0.1105772887414509,0.2903545645520509,0.2935297570769909,0.1425822009036471,0.1298872492997803,10_sp_aij_48,36656,0.01,10,23344,14,10,random
4,14.84848484848485,0.1898222961343277,0.0237699472560074,0.0,0.1136710735380631,0.3177495876057148,0.1049771288109071,0.2831732266265492,0.2846386268203685,0.1493778522867142,0.1303186716712765,10_sp_aij_48,36656,0.01,10,23344,14,10,random
5,17.272727272727273,0.2046574619651001,0.0219173344969166,0.0,0.1117296516170865,0.3159613406396314,0.1029055093761186,0.2746059453860219,0.2628254101877429,0.162571641919923,0.1367869719560162,10_sp_aij_48,36656,0.01,10,23344,14,10,random
6,20.0,0.2059312784358426,0.0224293401681932,0.0,0.1114108734947901,0.3128579256619354,0.103544232337093,0.2735218181334737,0.2589868826997001,0.1660686200473782,0.1356219426434998,10_sp_aij_48,36656,0.01,10,23344,14,10,random
7,23.63636363636364,0.2089669693448146,0.0244986199977877,0.0,0.1130267155043871,0.3159682561502138,0.0990005909301761,0.2681203011593608,0.2506092453720889,0.1694401255577035,0.1424811104286756,10_sp_aij_48,36656,0.01,10,23344,14,10,random
8,26.060606060606062,0.2156631087362557,0.0247964898929452,0.0,0.1125324475195709,0.325298130733039,0.1026411078320734,0.261567109117395,0.2423227251653356,0.1777711372140551,0.147650659888224,10_sp_aij_48,36656,0.01,10,23344,14,10,random
9,28.484848484848484,0.21657379639982,0.0259428519137209,0.0,0.1187609129429057,0.3158593397713485,0.1066749387352945,0.2640956343465853,0.2397719143337579,0.1767382687933397,0.147658558445163,10_sp_aij_48,36656,0.01,10,23344,14,10,random
10,2.4242424242424243,0.0583551909746121,0.1442628952407424,0.0191642658447175,0.0706163669880347,0.1069981432036378,0.0623698392656638,0.1561354918541015,0.1164855582567608,0.0573214301935941,0.0759130090968658,10_sp_aij_48,416304,0.01,10,23344,14,10,random
11,3.6363636363636367,0.0667375000706582,0.1269040613694806,0.0163891184113462,0.0758109115263057,0.1614153810726875,0.0877402882609541,0.2264498888533845,0.1989342671292716,0.0720512225101475,0.1084862338719842,10_sp_aij_48,416304,0.01,10,23344,14,10,random
12,7.272727272727273,0.1320801451228326,0.0575042892531561,0.0077275858902447,0.100743346486655,0.3034518499586769,0.125795358415922,0.3051376464274375,0.3295294899996868,0.0870955259773156,0.1384380346350926,10_sp_aij_48,416304,0.01,10,23344,14,10,random
13,8.484848484848484,0.1495576422251543,0.0443873866739434,0.0062393528077665,0.1061973236229736,0.3237029748504255,0.1207107134966549,0.3113211220555,0.341705204990448,0.0986994297225079,0.1361398065482705,10_sp_aij_48,416304,0.01,10,23344,14,10,random
14,14.84848484848485,0.1878225879523391,0.0237513083255058,0.0045115096223478,0.1077527528387049,0.3189816722753118,0.1005339516353075,0.2791713435069858,0.271718006221942,0.1511856489792437,0.1267976041187666,10_sp_aij_48,416304,0.01,10,23344,14,10,random
15,18.484848484848484,0.2061550995714785,0.0231285777852974,0.0045866020231297,0.1059949291854272,0.3141539231866268,0.1008204143877013,0.269412967096564,0.2597565225122173,0.1639919697130381,0.1313325235770172,10_sp_aij_48,416304,0.01,10,23344,14,10,random
16,23.63636363636364,0.2106210800990074,0.0263792754421327,0.0053902464422362,0.1104754537413536,0.318701791818075,0.1026002977635623,0.2582625996728892,0.2474484223945458,0.1699688410129708,0.1375428405686145,10_sp_aij_48,416304,0.01,10,23344,14,10,random
17,26.060606060606062,0.2151482328980951,0.0264087676825561,0.0058029668534444,0.1140666304863699,0.3152500781387067,0.1018047182323908,0.2683634239488012,0.2497644147879587,0.1745723753141424,0.1419107088244137,10_sp_aij_48,416304,0.01,10,23344,14,10,random
18,28.484848484848484,0.2154407074037227,0.0266096689026595,0.0064257536423737,0.1134982626963952,0.31201488869418,0.104376086597727,0.2602713759790446,0.2475069419581205,0.1793465486638505,0.1413946041690752,10_sp_aij_48,416304,0.01,10,23344,14,10,random
19,30.0,0.2183141217324785,0.0281068969453882,0.0068504115202377,0.1121121111621687,0.3191769063428161,0.1016950964183439,0.2530116635868523,0.2481923155730777,0.1815238934808899,0.1420050956070027,10_sp_aij_48,416304,0.01,10,23344,14,10,random
20,2.4242424242424243,0.0275378652983423,0.0634013442494155,0.0187056092458011,0.0517432627353159,0.1601079403396978,0.1136494810478979,0.2034766179061804,0.1346016716095899,0.0475488765864642,0.0816476151727787,10_sp_aij_48,2369231,0.01,10,23344,14,10,random
21,10.0,0.1435664865019855,0.0256465229518206,0.0048323899236483,0.1115756105181987,0.3294561530460651,0.1089465923859071,0.3064490134290559,0.3396914571595977,0.0967732393749227,0.1094741750114095,10_sp_aij_48,2369231,0.01,10,23344,14,10,random
22,11.212121212121213,0.1522807036398241,0.0220920843620898,0.004555177785945,0.1114014844016308,0.3214321697966574,0.1050266432009322,0.3030656523640005,0.3274039704699458,0.1093759533911086,0.1136537292929743,10_sp_aij_48,2369231,0.01,10,23344,14,10,random
23,14.84848484848485,0.1801887433082251,0.0173595488444792,0.0042403297591363,0.1092855427910648,0.3161489478005126,0.1001338789027019,0.2842825338908382,0.2950187005671497,0.1408890422030369,0.1242138038539524,10_sp_aij_48,2369231,0.01,10,23344,14,10,random
24,16.060606060606062,0.1868875699448429,0.0165641433006652,0.004226883237302,0.1063013488990398,0.3145902763793228,0.0996669490045581,0.2795463699778489,0.287490727406945,0.1479832276456109,0.1251253118166622,10_sp_aij_48,2369231,0.01,10,23344,14,10,random
25,17.272727272727273,0.1851862469935181,0.0159887796690348,0.0041473964843425,0.1057717992852455,0.3263212241211577,0.1008959880250274,0.2770313070831091,0.2742822107436171,0.1496290018899961,0.1281052911245626,10_sp_aij_48,2369231,0.01,10,23344,14,10,random
26,20.0,0.2038348898880544,0.0171963169313925,0.0042756004088834,0.1074659182618456,0.3222438230291964,0.1008167472249655,0.2689411836299543,0.2602202959393133,0.1579758595911238,0.1326791129934492,10_sp_aij_48,2369231,0.01,10,23344,14,10,random
27,21.21212121212121,0.199089050898948,0.0181522611754599,0.0044915088536259,0.1072857668184092,0.3133671053615951,0.1002007806259446,0.2690652933381134,0.2600110370094302,0.1629503581078252,0.1330778331052481,10_sp_aij_48,2369231,0.01,10,23344,14,10,random
28,24.848484848484848,0.2079198890540062,0.0204643940864003,0.0049708702413095,0.1106781190801294,0.3193551855785174,0.1002286588785581,0.2644767665281078,0.2553562409007261,0.1739768637655808,0.1386050524219789,10_sp_aij_48,2369231,0.01,10,23344,14,10,random
29,28.484848484848484,0.2160375094054395,0.0226761844849765,0.0055021582330048,0.1079035613577167,0.3191433071357956,0.097660853561621,0.2626531870539792,0.2452132111710607,0.170581928062817,0.1410346408654497,10_sp_aij_48,2369231,0.01,10,23344,14,10,random
30,0.0,0.06,0.03,0.06,0.01,0.05,0.04,0.06,0.01,0.04,0.09,10_sp_aij_48,2753893,0.01,10,23344,14,10,random
31,1.2121212121212122,0.0695082834340505,0.0595102020820494,0.0570954540316896,0.0155491721597917,0.1036981908354637,0.0574087645878578,0.1167080503407638,0.019231171580646,0.0709278962716361,0.1070744035283567,10_sp_aij_48,2753893,0.01,10,23344,14,10,random
32,12.424242424242424,0.2182200856437226,0.0314405281609383,0.0095585566226198,0.1143659707517866,0.3320026884960368,0.111717292321043,0.2580262022646183,0.2883545640661078,0.1626149090155573,0.1367782833747872,10_sp_aij_48,2753893,0.01,10,23344,14,10,random
33,17.272727272727273,0.2139533299291686,0.0285901583086012,0.0089288802141034,0.11034483010837,0.3165968205645041,0.1008481066614796,0.2647435723868305,0.2441775340332299,0.1748940267081834,0.1389674620508709,10_sp_aij_48,2753893,0.01,10,23344,14,10,random
34,18.484848484848484,0.2185467261428019,0.028751729108656,0.0094410442539956,0.1095521121146525,0.3241747917379673,0.1008882736221712,0.2640783510742118,0.2453104400018164,0.1781521067557334,0.1430351345590629,10_sp_aij_48,2753893,0.01,10,23344,14,10,random
35,20.0,0.216290679173078,0.0287424588422996,0.0097828704125668,0.1083998674630104,0.3145391706084899,0.103729814416374,0.2629542883221055,0.242668868238395,0.1772066443732746,0.1440098487599042,10_sp_aij_48,2753893,0.01,10,23344,14,10,random
36,21.21212121212121,0.212144223355906,0.0292108180889441,0.0099204399799196,0.1093273272562917,0.3144768820554365,0.1061441753149645,0.2618512672028976,0.24532506379565,0.1787470124641438,0.1438323314675097,10_sp_aij_48,2753893,0.01,10,23344,14,10,random
37,23.63636363636364,0.2179992758104986,0.0287988322821344,0.0099710475865834,0.1109687727319059,0.3139283834111057,0.1026545145943074,0.2689017903976756,0.2464398003828018,0.1799251479957835,0.1460225042074292,10_sp_aij_48,2753893,0.01,10,23344,14,10,random
38,26.060606060606062,0.2114785641981448,0.0285991163693734,0.0102306975935204,0.1113058714772964,0.3206747856048718,0.1042899997303371,0.2654124526530614,0.2426107422917772,0.1774012543911025,0.1494031352587888,10_sp_aij_48,2753893,0.01,10,23344,14,10,random
39,27.272727272727277,0.2144040350030218,0.0286951404425221,0.0097533057640382,0.1122454793401768,0.3135389746310154,0.106790083811304,0.2566579114932305,0.247572186300258,0.1772627947730678,0.1472223001079317,10_sp_aij_48,2753893,0.01,10,23344,14,10,random
40,3.6363636363636367,0.1241492626683193,0.0954680899148973,0.0286042635695274,0.0985674644329451,0.229844844373592,0.0901891546395698,0.2202906613720812,0.1529007872852491,0.1487716698799448,0.1438649276561766,10_sp_aij_48,3049039,0.01,10,23344,14,10,random
41,11.212121212121213,0.210343113068113,0.0410817459925,0.0121358923691445,0.1144876323904235,0.3236448079193604,0.1099198957111834,0.2725275691917838,0.2787493532216683,0.170144953818022,0.1450789867212795,10_sp_aij_48,3049039,0.01,10,23344,14,10,random
42,13.636363636363637,0.2181865424014624,0.03347360685823,0.0114838492690707,0.1114125235151122,0.3289618534145416,0.1067794736957445,0.2722520903973489,0.2644314219117331,0.1704838983592284,0.1405815066827375,10_sp_aij_48,3049039,0.01,10,23344,14,10,random
43,14.84848484848485,0.212231864623018,0.0325726536503126,0.010893854805682,0.1102954526320593,0.3248256125460858,0.1076690939855233,0.2615493672052724,0.2605313122019582,0.173223800277511,0.141764782160214,10_sp_aij_48,3049039,0.01,10,23344,14,10,random
44,17.272727272727273,0.2227845247693717,0.0315410266872942,0.0107980871756189,0.1080265380431603,0.3123153016363117,0.1078120378761759,0.2587204545377131,0.2608614449459058,0.1696214668074446,0.143605136604411,10_sp_aij_48,3049039,0.01,10,23344,14,10,random
45,18.484848484848484,0.2160951818507324,0.0308789374682287,0.0110392482651216,0.1089615236812929,0.3175712016590521,0.1076454694022481,0.2565419750602284,0.2514461175318864,0.176870806875275,0.1466477398142244,10_sp_aij_48,3049039,0.01,10,23344,14,10,random
46,24.848484848484848,0.2279638991656609,0.0298329827551309,0.0103407535527068,0.1119230714914675,0.3257927109894454,0.1064262885020194,0.2610884902367212,0.2480767252803858,0.1765267231942749,0.1421588296633704,10_sp_aij_48,3049039,0.01,10,23344,14,10,random
47,26.060606060606062,0.2208500441283786,0.0297368334959164,0.0105867152755862,0.1125716536207469,0.3199048660247077,0.1079597937924291,0.2692402844962465,0.2571344534135164,0.1783052994923231,0.1410418807166747,10_sp_aij_48,3049039,0.01,10,23344,14,10,random
48,28.484848484848484,0.223511057719863,0.02831542352809,0.0107748057670175,0.1141162320216654,0.3168840301508642,0.1074493334663618,0.2598153724047249,0.2555033304755502,0.179599201414917,0.1426585857479967,10_sp_aij_48,3049039,0.01,10,23344,14,10,random
49,30.0,0.2176102817763103,0.0283378093317795,0.0109019300665235,0.109455084832171,0.3219360364012527,0.1026872607136144,0.2641531590125135,0.2539074025291957,0.1789359728232277,0.1382585234878889,10_sp_aij_48,3049039,0.01,10,23344,14,10,random
50,4.848484848484849,0.1173724844818271,0.0766695350890326,0.0230254711608927,0.11437016195963,0.297770965144404,0.1272140628096414,0.3027739797202877,0.3116335020759521,0.0869585043226983,0.1459376358350978,10_sp_aij_48,5140131,0.01,10,23344,14,10,random
51,7.272727272727273,0.1614054315175191,0.0423426366533584,0.0142696213293696,0.1132430353660839,0.332164783320119,0.1191591732173733,0.3077234776109961,0.3362076296414286,0.1100915398188252,0.1331381048472495,10_sp_aij_48,5140131,0.01,10,23344,14,10,random
52,10.0,0.1878615132688035,0.027601954742386,0.0106875887102522,0.1128894390736588,0.3230317343762921,0.1059776651624834,0.2887967752084195,0.3208038186598543,0.1359633088338344,0.1258049514097646,10_sp_aij_48,5140131,0.01,10,23344,14,10,random
53,12.424242424242424,0.1942144387531635,0.0229826447302082,0.0098138036933285,0.110513882788169,0.3234128553752213,0.1003858648389807,0.2852467487351102,0.2974756487171617,0.1521205076121921,0.1274767926666749,10_sp_aij_48,5140131,0.01,10,23344,14,10,random
54,16.060606060606062,0.1941630525247725,0.0202882397073394,0.0095244469819435,0.1093179039025837,0.3254375641212081,0.1003541993666301,0.2735458578368654,0.2705314295090263,0.1622933776483927,0.1251972399487382,10_sp_aij_48,5140131,0.01,10,23344,14,10,random
55,20.0,0.2038368624914321,0.0211075326070434,0.0099535352134302,0.1084091415225993,0.3233784767888294,0.1010284411933943,0.2655589499860479,0.2647254688902307,0.172543729403929,0.1309351216323458,10_sp_aij_48,5140131,0.01,10,23344,14,10,random
56,22.424242424242426,0.208196714638211,0.0211253491575275,0.0099058137564255,0.1065160893493921,0.3120697325065436,0.0963788451512377,0.2599693005914786,0.25583925493431,0.172831863158951,0.1348301831211583,10_sp_aij_48,5140131,0.01,10,23344,14,10,random
57,26.060606060606062,0.2068279103013511,0.0219396554288956,0.0103975870233038,0.1082079288223171,0.3235915338745387,0.1017193503669192,0.266252083334979,0.2554545123231916,0.1760319945028335,0.1383779137909902,10_sp_aij_48,5140131,0.01,10,23344,14,10,random
58,27.272727272727277,0.208882637848002,0.0218025538525087,0.0105530471423019,0.109378622586891,0.3201399678033143,0.1021847586426698,0.2624087029468385,0.2594233068995015,0.1750485746656338,0.142364507672801,10_sp_aij_48,5140131,0.01,10,23344,14,10,random
59,30.0,0.2220926357349143,0.0242332580489067,0.0103363282184105,0.1089857161087008,0.3227789430612512,0.1030494311011792,0.2642858085525955,0.2480064774934188,0.1744218184485448,0.1437759038966206,10_sp_aij_48,5140131,0.01,10,23344,14,10,random
60,2.4242424242424243,0.0448824342291416,0.0605703404705996,0.0111006485547585,0.0347409141509648,0.1922315032123351,0.0655299237211141,0.2329956439791997,0.1906136222192101,0.074422908122473,0.0673441721017377,10_sp_aij_48,5589942,0.01,10,23344,14,10,random
61,3.6363636363636367,0.0528294753156843,0.0630221483762025,0.0100538035974883,0.0430349970885291,0.2252922136515797,0.0836086804669165,0.2844180284433331,0.2445973911928105,0.0745058971066116,0.0939634061610274,10_sp_aij_48,5589942,0.01,10,23344,14,10,random
62,6.0606060606060606,0.078059472214712,0.0472649144188832,0.0068785445581141,0.0683153972562241,0.2805514094154206,0.1104431088968365,0.3310630417580446,0.3165815945113824,0.0705928527057002,0.1229912338172795,10_sp_aij_48,5589942,0.01,10,23344,14,10,random
63,12.424242424242424,0.164019468902112,0.021251444873863,0.0035054385856593,0.1101543305567403,0.3249919978755614,0.1059625863321328,0.2950456032231617,0.3171825429075834,0.1161466267880363,0.1148415947188816,10_sp_aij_48,5589942,0.01,10,23344,14,10,random
64,14.84848484848485,0.1756848827607847,0.0176134936308891,0.0032966011389092,0.1097755161734863,0.3243844806341385,0.100174298854918,0.2891707559748705,0.3042673821773493,0.1387649281641467,0.1183714317949189,10_sp_aij_48,5589942,0.01,10,23344,14,10,random
65,16.060606060606062,0.1803395603032403,0.0166324200004696,0.0033795384537313,0.111461507877268,0.3173392612897023,0.0981387896448757,0.2840805388467701,0.2818642957146202,0.1494116541189931,0.1211023929443853,10_sp_aij_48,5589942,0.01,10,23344,14,10,random
66,20.0,0.2079366348573074,0.0172621656150539,0.0037272748865037,0.1086711824091501,0.3135314821953941,0.1021043483391968,0.2757849270673137,0.2591409317985906,0.1627387688112249,0.1361534341066994,10_sp_aij_48,5589942,0.01,10,23344,14,10,random
67,24.848484848484848,0.2165297247405249,0.0212475798378971,0.0046512750783578,0.1114377552528313,0.3240455727975717,0.1038662715862902,0.2616308110527423,0.2472125655815595,0.1717589123610534,0.1419416235134573,10_sp_aij_48,5589942,0.01,10,23344,14,10,random
68,28.484848484848484,0.2183657532031656,0.024631597811709,0.0050975751435708,0.1113398952989261,0.3147056354600034,0.1004809324295639,0.2610765957762702,0.2450065423184818,0.1822311216712711,0.1410902065611415,10_sp_aij_48,5589942,0.01,10,23344,14,10,random
69,30.0,0.2212580101713031,0.0253769552196927,0.0053063705254523,0.1097053312890537,0.3137371708297226,0.099265727722335,0.2584460490090714,0.2501915366756204,0.1792114096191437,0.1451768779857136,10_sp_aij_48,5589942,0.01,10,23344,14,10,random
70,11.212121212121213,0.2049652271610978,0.0368025210519955,0.0131363848039846,0.1083048620489404,0.333816573341069,0.1131288552964134,0.2715140398814891,0.2914727411570854,0.1496406878250668,0.1449418225091886,10_sp_aij_48,8493390,0.01,10,23344,14,10,random
71,16.060606060606062,0.2102318556877432,0.0286424418926716,0.0112028505883544,0.110319833052054,0.3211658723184946,0.1039875705995835,0.2600295423929751,0.2566720960619861,0.170289380442429,0.1405954162797103,10_sp_aij_48,8493390,0.01,10,23344,14,10,random
72,17.272727272727273,0.2042790214325979,0.0282983386331114,0.0109752001153988,0.1120597722496659,0.3219488409537033,0.1041558472665847,0.2676955680049032,0.2573399386965163,0.1686051646110301,0.1384763462643496,10_sp_aij_48,8493390,0.01,10,23344,14,10,random
73,20.0,0.2096082044325462,0.0283720297879475,0.0106603123065005,0.1143674978439253,0.3171938440950034,0.1057128213671171,0.2599110579758695,0.2590059852739414,0.175569205195672,0.1387494144642109,10_sp_aij_48,8493390,0.01,10,23344,14,10,random
74,21.21212121212121,0.2207110510217876,0.0276971428470823,0.0106316463542366,0.1113018148944871,0.3184305310471496,0.104463985386146,0.2594388743203931,0.2565060997618584,0.1762536318021425,0.1386078992425699,10_sp_aij_48,8493390,0.01,10,23344,14,10,random
75,24.848484848484848,0.2186314939529259,0.028061735498948,0.0112507095423556,0.1069088676451657,0.3245615177441555,0.1079401290547589,0.2682452584959217,0.2478617684791955,0.1711588544070002,0.1450526303777627,10_sp_aij_48,8493390,0.01,10,23344,14,10,random
76,26.060606060606062,0.2136401600676012,0.0268711204181283,0.0108139469316605,0.1109426977641394,0.318103533294986,0.1090768682434065,0.2639525981749597,0.2470902882026741,0.1737760771367459,0.1458974065686785,10_sp_aij_48,8493390,0.01,10,23344,14,10,random
77,27.272727272727277,0.2179157316224055,0.0273654845697008,0.0106790333517849,0.1139117237421875,0.3174257271594712,0.1044669621188649,0.2646096304910408,0.252791950723595,0.1780203736430653,0.1463085193173341,10_sp_aij_48,8493390,0.01,10,23344,14,10,random
78,28.484848484848484,0.2247707997119672,0.0278617545751957,0.0105744654272429,0.1136894918436058,0.3153079028201454,0.1009907205884413,0.2578343746778145,0.24263054760589,0.1781462430931911,0.145168604503999,10_sp_aij_48,8493390,0.01,10,23344,14,10,random
79,30.0,0.224054638667527,0.0286358608029551,0.0112160552974417,0.1116981876316408,0.3207984860545298,0.1023701756794067,0.2572838106495889,0.2437646644388826,0.185315269409285,0.1423417798030269,10_sp_aij_48,8493390,0.01,10,23344,14,10,random
80,1.2121212121212122,0.0859643719631111,0.1335708036610196,0.0656580841516589,0.0810849324408335,0.1251840830957901,0.0749054351036449,0.0856271427403864,0.0211135759424548,0.1337501392253613,0.034739718875415,10_sp_aij_48,8982779,0.01,10,23344,14,10,random
81,3.6363636363636367,0.0942157193055898,0.1524836894137577,0.0398419365119567,0.096024178366149,0.1761961580622164,0.1173592888513193,0.2171937666967017,0.0909470228939854,0.1488158543469345,0.1214830670327109,10_sp_aij_48,8982779,0.01,10,23344,14,10,random
82,4.848484848484849,0.1231017235892444,0.1332994670271916,0.0291557501679725,0.1111623985926949,0.2202631560013265,0.1355514843100088,0.2650824066708858,0.1645422040329842,0.1418151641161235,0.1696323119168117,10_sp_aij_48,8982779,0.01,10,23344,14,10,random
83,6.0606060606060606,0.1633533525554348,0.1057048674719212,0.02086081720914,0.1244792933218722,0.2752832807536058,0.1460819757935322,0.2739507551225418,0.2381446845107439,0.1375675254616406,0.1853651597100344,10_sp_aij_48,8982779,0.01,10,23344,14,10,random
84,7.272727272727273,0.1984319033106948,0.0791666614703753,0.0160101769840738,0.1302153632144253,0.3104740599951904,0.1405816612051456,0.2819483594001756,0.2824430612485483,0.1466015899700997,0.1796282409405336,10_sp_aij_48,8982779,0.01,10,23344,14,10,random
85,10.0,0.2269924769433222,0.0481558091765036,0.0112553730557416,0.1224321883480315,0.333953083222918,0.1240881714637072,0.2698727049601351,0.2874966096438107,0.1657551383951589,0.154975393570405,10_sp_aij_48,8982779,0.01,10,23344,14,10,random
86,17.272727272727273,0.215460016472796,0.0336784632881653,0.0093656185151456,0.1167793716441691,0.3155658962611468,0.109608466548771,0.2666533210600486,0.2557313737983283,0.1734274540811581,0.1443301957779177,10_sp_aij_48,8982779,0.01,10,23344,14,10,random
87,21.21212121212121,0.2187098264489761,0.0320013655117696,0.0097483997072275,0.1070575486947939,0.3197831870006246,0.1050949822250286,0.2638460789453946,0.2534019966513544,0.1769397908989505,0.1454504691657115,10_sp_aij_48,8982779,0.01,10,23344,14,10,random
88,22.424242424242426,0.2138531137196305,0.0322391287974771,0.0094065509772762,0.1075743474227221,0.3173198714303895,0.1051418302787921,0.2645292843087106,0.2471023853214528,0.1792823608308455,0.1422925940923351,10_sp_aij_48,8982779,0.01,10,23344,14,10,random
89,24.848484848484848,0.2144873804357421,0.0323998825957832,0.0093721426953625,0.1102342854088548,0.320684147186326,0.1053571770048412,0.2605077637019025,0.248659010248615,0.1739265949771601,0.1451409730565959,10_sp_aij_48,8982779,0.01,10,23344,14,10,random
90,1.2121212121212122,0.067434725553923,0.1082061690320355,0.033333716529234,0.0638729680990831,0.1424148049376869,0.1045720693428684,0.1114277290794593,0.1467945091372341,0.0596092407426689,0.0707135318679175,10_sp_aij_48,9036584,0.01,10,23344,14,10,random
91,2.4242424242424243,0.0768652312572102,0.1085240054291389,0.025642352473075,0.076546679715487,0.2130124554826377,0.1174960385433171,0.1984559607617232,0.2093785478438498,0.0764820047668999,0.0973844786041799,10_sp_aij_48,9036584,0.01,10,23344,14,10,random
92,6.0606060606060606,0.1365670052621711,0.0532963488420495,0.011242245694163,0.1076641508450342,0.307278912333072,0.1287479210424956,0.3119450943876083,0.3305339530137328,0.1006262309676865,0.1331692152081547,10_sp_aij_48,9036584,0.01,10,23344,14,10,random
93,7.272727272727273,0.1516996350596832,0.0410569336670737,0.0094532013557068,0.1105533376384613,0.3259773606923938,0.1216142457901664,0.3047313041838618,0.326683969719644,0.1103838929845591,0.1295872214859688,10_sp_aij_48,9036584,0.01,10,23344,14,10,random
94,8.484848484848484,0.1677736715429509,0.0334074617713226,0.0082265655812647,0.1138975320247841,0.3280172331952156,0.1143134515145489,0.2951519278726593,0.3177108106259982,0.117814306065235,0.1249629832820161,10_sp_aij_48,9036584,0.01,10,23344,14,10,random
95,10.0,0.1782173959753018,0.0274529256080257,0.0072782467975497,0.1136961817924345,0.328845423509166,0.1108620568338872,0.2871855338141553,0.3080391943616036,0.131559849353553,0.1230553512997045,10_sp_aij_48,9036584,0.01,10,23344,14,10,random
96,13.636363636363637,0.1913773680320565,0.024558831655138,0.0066126325892175,0.1089296458233182,0.3176465126310925,0.1046651923608739,0.27582932211974,0.2822315174229611,0.1512983709710202,0.1277228616656821,10_sp_aij_48,9036584,0.01,10,23344,14,10,random
97,17.272727272727273,0.2066048004499948,0.0234979467393141,0.0062702158911823,0.1115736311534464,0.3214039971596632,0.1047478809308029,0.2650331961759566,0.2705793950880545,0.1632666462664266,0.1362836081414934,10_sp_aij_48,9036584,0.01,10,23344,14,10,random
98,26.060606060606062,0.2186885649227294,0.0258024756803555,0.0072408148652613,0.1082011366790255,0.3182407551790618,0.1062804670685152,0.2594516931288408,0.2518504532115808,0.1756163526132939,0.1404423342701561,10_sp_aij_48,9036584,0.01,10,23344,14,10,random
99,30.0,0.2116120973441978,0.0268697153005489,0.0079478324071797,0.113811841980941,0.3099681648677009,0.1080089437078429,0.263106788260887,0.2514721588992235,0.1724508507581003,0.142411453272567,10_sp_aij_48,9036584,0.01,10,23344,14,10,random
100,1.2121212121212122,0.0575662773569248,0.0999261526769559,0.0107842732432558,0.0154995363439322,0.0254588959095324,0.1021606466065222,0.1430620297529835,0.080010006420012,0.055055288441019,0.0833077235732169,10_sp_aij_48,9845126,0.01,10,23344,14,10,random
101,3.6363636363636367,0.0737184336637915,0.1174457608635327,0.0082393330424531,0.0374408503559121,0.1315225614127889,0.1532680689622306,0.2632763898837662,0.2326162436317916,0.0658427181159681,0.174974025305992,10_sp_aij_48,9845126,0.01,10,23344,14,10,random
102,4.848484848484849,0.0993839704043348,0.0906132416977358,0.0060709319557651,0.0559709955808988,0.2259598302434568,0.162087199389612,0.3054323156953086,0.2986574228989716,0.0643460828129972,0.1825045038129056,10_sp_aij_48,9845126,0.01,10,23344,14,10,random
103,10.0,0.1814805130591334,0.0272816100371694,0.0,0.1165381044400509,0.3467065909198855,0.1233564415528961,0.2992217081134959,0.3420412646107504,0.1078597689590513,0.1235632226184961,10_sp_aij_48,9845126,0.01,10,23344,14,10,random
104,11.212121212121213,0.1843110219100691,0.0242968140850451,0.0,0.1177940895272436,0.3366615830959954,0.1131209667838851,0.2904047075390215,0.3217514114674816,0.1230424153418109,0.1221611996480964,10_sp_aij_48,9845126,0.01,10,23344,14,10,random
105,13.636363636363637,0.1887742027560907,0.0207492521110849,0.0,0.1099946811216127,0.3268122293633541,0.1045510801134102,0.2791971042311524,0.292621066654485,0.1447676873574366,0.1243411787392367,10_sp_aij_48,9845126,0.01,10,23344,14,10,random
106,20.0,0.2010002431154247,0.0197931941428841,0.0,0.1075235516569757,0.3189235519907553,0.1024708992685579,0.2670296905346219,0.254985585848585,0.162449249618459,0.1376048322755965,10_sp_aij_48,9845126,0.01,10,23344,14,10,random
107,21.21212121212121,0.2035136459340288,0.0209005401517687,0.0,0.113641037713119,0.3264608573565223,0.1041722378500573,0.2694029327575957,0.2545147005413881,0.1625941754725583,0.1383091727105253,10_sp_aij_48,9845126,0.01,10,23344,14,10,random
108,23.63636363636364,0.2173183993220314,0.0233550986238557,0.0,0.1124581646405827,0.3117949570023853,0.1028104488982574,0.2637016634482068,0.2448713323557285,0.1679749482216491,0.1427238914897726,10_sp_aij_48,9845126,0.01,10,23344,14,10,random
109,26.060606060606062,0.215082040434399,0.0261937029575308,0.0,0.1115743435182837,0.3097214957086017,0.1024168150692363,0.2531896672107326,0.2414616959039288,0.1743675797160999,0.1430207023514527,10_sp_aij_48,9845126,0.01,10,23344,14,10,random
110,0.0,0.03,0.04,0.07,0.08,0.06,0.09,0.06,0.05,0.01,0.03,10_sp_aij_48,10488077,0.01,10,23344,14,10,random
111,1.2121212121212122,0.0329397283560105,0.071932088797256,0.0563045909961509,0.0963705675105142,0.1274055162552538,0.0943363145740921,0.1279979950831652,0.1099583185838013,0.0208137538386757,0.0434782498767708,10_sp_aij_48,10488077,0.01,10,23344,14,10,random
112,4.848484848484849,0.0626689999886958,0.0596642255202672,0.0223148028869176,0.11154223884811,0.2842863130097073,0.1143832697588241,0.3240039270558728,0.3613921313771203,0.0558944084631287,0.0979017428616922,10_sp_aij_48,10488077,0.01,10,23344,14,10,random
113,6.0606060606060606,0.0814609770634205,0.0431791523896239,0.016756099107848,0.1083687953847956,0.3063882965798423,0.1140499393298979,0.3333861244566996,0.3727576028564273,0.0617800180394913,0.1039802742821953,10_sp_aij_48,10488077,0.01,10,23344,14,10,random
114,8.484848484848484,0.1167008131512147,0.0259227117445672,0.0105278498396848,0.1032096047754394,0.3188951800353127,0.1058300093588843,0.3232892144164297,0.3579493812367457,0.0793270099994021,0.1093619779533633,10_sp_aij_48,10488077,0.01,10,23344,14,10,random
115,14.84848484848485,0.1688017891924199,0.0146902658433524,0.0070230843078845,0.108586515888224,0.3243950305539538,0.0963999343791728,0.2844696713602441,0.2954134221163855,0.1372413945949819,0.1109085495027474,10_sp_aij_48,10488077,0.01,10,23344,14,10,random
116,23.63636363636364,0.2052084017782151,0.0187424640183098,0.0076210655507296,0.1048472745241204,0.3093777487927697,0.1010730481013915,0.265108185652125,0.2565481128183932,0.1726095115091251,0.1360307701027092,10_sp_aij_48,10488077,0.01,10,23344,14,10,random
117,26.060606060606062,0.2081256783474991,0.0204336030936455,0.008141644384304,0.1100880016365467,0.3107759738134697,0.1008377890361061,0.2668097924472604,0.2480337339774687,0.1727428087221379,0.1400809099141347,10_sp_aij_48,10488077,0.01,10,23344,14,10,random
118,28.484848484848484,0.2118882291420288,0.0211420259127488,0.0084696875883407,0.1095401954889796,0.317150179015754,0.099116119500699,0.2607705748007985,0.2462621796947539,0.1748355699554019,0.1405517935101199,10_sp_aij_48,10488077,0.01,10,23344,14,10,random
119,30.0,0.2148587907107785,0.0219979131714947,0.0086623322869147,0.1087246849946079,0.3225997123904744,0.1014908384866884,0.2613771386078047,0.251606913025065,0.1759482999787973,0.1393048501227029,10_sp_aij_48,10488077,0.01,10,23344,14,10,random
120,6.0606060606060606,0.0853091567166656,0.0881448865321399,0.0235446787667607,0.0611314624500759,0.2379848152271276,0.1201606016286294,0.2779974130151656,0.2663649693803074,0.1018079149180501,0.0981299307138091,10_sp_aij_48,11563241,0.01,10,23344,14,10,random
121,8.484848484848484,0.1232796830689448,0.0543570264030628,0.0138462647713973,0.0910650211344873,0.3048312187870826,0.1292888179350355,0.3174343863313962,0.3301657280990691,0.0933437435126559,0.1344577315550106,10_sp_aij_48,11563241,0.01,10,23344,14,10,random
122,10.0,0.1477073077137214,0.0389412779109336,0.0106019728842758,0.1033242544560065,0.3250544295856451,0.1218410646707449,0.3119089511538319,0.3311285247869459,0.1007586705019183,0.1352874396441452,10_sp_aij_48,11563241,0.01,10,23344,14,10,random
123,11.212121212121213,0.1656835152640345,0.0318173759575727,0.0094969005596571,0.1073199049384717,0.3295374571406512,0.1166107557198703,0.3014304797996716,0.3189910055025072,0.1136276498271691,0.1286493058759859,10_sp_aij_48,11563241,0.01,10,23344,14,10,random
124,14.84848484848485,0.1886756668736863,0.0220968713417464,0.0075978303090789,0.1128248900312378,0.3255861263444311,0.1039676953960335,0.2781552045666451,0.2982156363242429,0.145234131227815,0.1234127042035521,10_sp_aij_48,11563241,0.01,10,23344,14,10,random
125,17.272727272727273,0.1916703384460565,0.0209806667202007,0.0072585480365998,0.1074316915929464,0.3180380360481239,0.1041954054218842,0.2769505897910521,0.2789134970525596,0.1588729654562934,0.1267770806850119,10_sp_aij_48,11563241,0.01,10,23344,14,10,random
126,20.0,0.1963812249402061,0.019662689241829,0.0071306230074679,0.1069905293511787,0.3226580634086026,0.1041790325904785,0.273146975722796,0.2670801079261629,0.1644874056246089,0.1337943260846346,10_sp_aij_48,11563241,0.01,10,23344,14,10,random
127,26.060606060606062,0.2167565225886836,0.0214964016507749,0.0073495666801796,0.1076081224056902,0.3128533338653762,0.0987313906708746,0.2676959652911779,0.2509814914172209,0.173898381177337,0.1402435409645541,10_sp_aij_48,11563241,0.01,10,23344,14,10,random
128,28.484848484848484,0.2121654314535896,0.0236520585726885,0.0079126951749937,0.1091515255057834,0.3224183639906297,0.1015148516573749,0.2634863607770117,0.2458549012616696,0.1759740936645158,0.1364845809279393,10_sp_aij_48,11563241,0.01,10,23344,14,10,random
129,30.0,0.2122893948992575,0.0246345280094692,0.0077049174789431,0.1104476226043031,0.3194781744684892,0.1016285084283951,0.2739874913647702,0.2435146359532886,0.1742354814442809,0.1400348171176299,10_sp_aij_48,11563241,0.01,10,23344,14,10,random
130,1.2121212121212122,0.0879166769990802,0.1227831852697217,0.0098693274262348,0.0379147047012483,0.1185959403083874,0.0796068192657687,0.0699946545057554,0.1139312916388926,0.0913109928745773,0.0750739096155668,10_sp_aij_48,12733201,0.01,10,23344,14,10,random
131,4.848484848484849,0.1424482347562269,0.0898429927681481,0.0053933471377483,0.082519808479549,0.278826348957892,0.1339433192485121,0.2701218265116155,0.2600878422774852,0.1059399408596535,0.1529938023366218,10_sp_aij_48,12733201,0.01,10,23344,14,10,random
132,6.0606060606060606,0.162893554701331,0.0703753527605839,0.0045232912571278,0.0964736178178664,0.3103103239191405,0.1393882879139401,0.2901083656109502,0.3024311627686831,0.1095744300889458,0.1556768096467501,10_sp_aij_48,12733201,0.01,10,23344,14,10,random
133,7.272727272727273,0.1829725239807054,0.0563259518035457,0.0037153833438179,0.1076925373810281,0.3304789014476906,0.1353405070905236,0.2983927719332567,0.318656372554323,0.1181452851147815,0.1455017475691157,10_sp_aij_48,12733201,0.01,10,23344,14,10,random
134,10.0,0.1961648194020938,0.0353112634953904,0.0028969794421125,0.1144693618665018,0.3333085988229169,0.115855812590552,0.2828010898872921,0.3090669789537039,0.1363573242212786,0.1382669452657308,10_sp_aij_48,12733201,0.01,10,23344,14,10,random
135,13.636363636363637,0.209125490218116,0.0259343871782832,0.0027184338554129,0.1100447430882208,0.3258060313771705,0.1069520877752132,0.2692181017889435,0.2765099714899515,0.1545681826548502,0.1323460438807871,10_sp_aij_48,12733201,0.01,10,23344,14,10,random
136,18.484848484848484,0.2052093785113753,0.0244915074910063,0.0028150205142479,0.1096967231970469,0.3121769474382984,0.10027533487982,0.2678580921883832,0.2623280503254557,0.1719784649190088,0.1385865787711231,10_sp_aij_48,12733201,0.01,10,23344,14,10,random
137,20.0,0.2077619143043177,0.0254368409636624,0.0029386391755278,0.1072726953427415,0.3190483496068232,0.0998554724437472,0.266969519368301,0.2514541681635757,0.1672563139298282,0.1388116696409501,10_sp_aij_48,12733201,0.01,10,23344,14,10,random
138,22.424242424242426,0.2093842545967487,0.0251312728136682,0.0032702425706456,0.1080079205969974,0.3228064080061393,0.1047923072407575,0.2725676830888373,0.2579219232270098,0.168847560979846,0.1373737166149969,10_sp_aij_48,12733201,0.01,10,23344,14,10,random
139,24.848484848484848,0.2087025938973697,0.0253198897773179,0.0035130741171594,0.1096217094138894,0.3209700047559184,0.1031349543168261,0.2742628069940276,0.2586968163023055,0.1684696867571181,0.1418534262664089,10_sp_aij_48,12733201,0.01,10,23344,14,10,random
